22,0.018127008052040774
49,0.0001586609019872278
58,0.00027765657847764864
65,0.10995200507714886
80,0.0009123001864265598
82,0.0015072785688786641
86,0.060092816627662526
90,0.015231446590773868
94,0.0008726349609297529
125,0.006743088334457181
173,0.09503788029034944
174,0.011145928364602754
175,0.12577843005037484
176,0.017016381738130183
177,0.0001586609019872278
178,0.01443814208083773
180,0.02843996668121058
181,0.03260481535837531
182,0.02923327119114672
183,0.17758121454920472
185,0.005870453373527429
186,0.03387410257427313
187,0.031137202014993454
188,0.00019832612748403475
189,0.009995636825195352
192,0.0028558962357701
195,0.005989449050017849
196,0.01340684621792075
200,0.0025782396572924518
201,0.15564634484947046
206,0.0016659394708658918
228,0.02403712665106501
230,0.0027369005592796794
237,0.0008726349609297529
241,0.0006743088334457181
242,0.0026972353337828725
243,0.024790765935504343
288,0.00043631748046487647
289,0.0004759827059616834
307,0.0006743088334457181
309,0.003450874618222205
317,0.7591527507833882
318,0.26302011026932687
8918479,7.93304509936139e-05
321,0.0009916306374201738
322,0.000713974058942525
323,0.00234024830431161
324,0.011661576296061243
327,0.061917417000515645
329,0.044583713458411015
332,0.00376819642219666
333,0.0713974058942525
334,0.04121216929118242
338,0.09567252389829836
343,0.004561500932132799
345,0.08135337749395105
346,0.035579707270635835
347,0.023838800523580977
348,0.07603823727737892
350,0.0025782396572924518
352,0.008924675736781563
355,0.038911586212367615
356,0.03716631629050811
360,0.04101384316369838
361,0.04720161834120027
364,0.06969180119788981
365,0.014914124786799413
369,0.0353813811431518
373,0.0047598270596168335
375,0.03236682400539447
376,0.0023799135298084168
389,0.0034112093927253975
381,7.93304509936139e-05
382,0.07599857205188211
383,0.08155170362143509
393,0.0008329697354329459
394,0.25845860933719406
403,0.017452699218595057
404,0.011661576296061243
405,0.01729403831660783
406,0.0030145571377573283
407,0.01507278568878664
410,0.0025782396572924518
412,0.023442148268612906
415,0.014636468208321764
416,0.006029114275514657
418,0.03625401610408155
424,0.08924675736781564
428,0.0016659394708658918
473,0.004997818412597676
474,0.020189599777874736
476,0.00043631748046487647
477,0.01804767760104716
480,0.007734718971877355
483,0.15318710086866844
484,0.0029748919122605214
485,0.010352623854666614
486,0.0029352266867637145
490,0.002181587402324382
491,0.003133552814247749
492,0.017770021022569513
494,0.00325254849073817
495,0.02237118718019912
497,0.04573400499781841
499,0.41517591527507836
500,0.011145928364602754
509,0.00027765657847764864
515,0.00559279679504978
519,0.0006346436079489112
534,0.010074967276188965
535,0.020863908611320457
536,0.009638649795724088
539,0.009797310697711316
541,0.019792947522906668
547,0.009123001864265599
548,0.022331521954702314
553,0.016342072904684462
554,0.07580024592439807
555,0.013605172345404783
558,0.0012296219904010155
559,0.004720161834120027
563,0.01848399508151204
571,0.003450874618222205
574,0.006544762206973147
578,0.036492007457062395
580,0.03387410257427313
581,0.015588433620245132
582,0.014596802982824958
586,0.01443814208083773
587,0.02157788267026298
589,0.006346436079489112
590,0.008091706001348618
592,0.009598984570227282
594,0.018880647336480108
595,0.025385744317956448
598,0.004164848677164729
599,0.014398476855340923
654,0.0036492007457062394
657,0.0034112093927253975
658,0.010511284756653841
665,0.005235809765578517
666,0.011463250168577209
668,0.00142794811788505
669,0.0030145571377573283
688,0.037364642417992144
671,0.0021022569513307683
672,0.008567688707310301
673,0.01340684621792075
674,0.005235809765578517
675,0.009955971599698544
676,0.05267541945975963
677,0.010074967276188965
680,0.0036095355202094325
683,0.002300583078814803
684,0.0047598270596168335
687,0.020982904287810876
689,0.005235809765578517
692,0.05533298956804569
694,0.0010709610884137876
695,0.3801911863868946
696,0.00702074491293483
697,0.004125183451667923
698,0.024394113680536275
699,0.007298401491412479
700,0.0006743088334457181
706,0.00142794811788505
711,0.001546943794375471
713,0.012137559002022926
716,0.0015072785688786641
720,0.022728174209670382
724,0.0019832612748403476
733,0.01911863868946095
741,0.007219071040418865
742,0.0007536392844393321
743,0.014557137757328151
751,0.00507714886359129
757,0.003926857324183888
760,0.012970528737455873
761,0.0
763,0.023521478719606522
764,0.02130022609178533
766,0.013089524413946294
767,0.002895561461266907
768,0.028757288485185037
769,0.01804767760104716
770,0.0114235849430804
773,0.05378604577367022
783,0.0006346436079489112
787,0.001586609019872278
789,0.23354884772519932
792,0.004521835706635992
795,0.18813216453135537
799,0.0035698702947126256
800,0.06088612113759867
801,0.003926857324183888
802,0.019792947522906668
809,7.93304509936139e-05
811,0.003133552814247749
814,0.02145888699377256
816,0.030661219309031772
861,0.02003093887588751
868,0.004521835706635992
869,0.07127841021776209
872,0.0159850858752132
873,0.00781404942287097
875,0.0023799135298084168
876,0.0012692872158978224
877,0.010074967276188965
878,0.0036095355202094325
879,0.0012296219904010155
880,0.00142794811788505
881,0.039308238467335686
882,0.09345127127047717
883,0.011939232874538892
884,0.0013089524413946293
885,0.0010312958629169807
888,0.010907937011621911
889,0.0026972353337828725
891,0.1118956011264924
893,0.004402840030145572
894,0.00975764547221451
896,0.008924675736781563
897,0.003212883265241363
901,0.002260917853317996
902,0.010907937011621911
910,0.00924199754075602
911,0.021934869699734242
914,0.009123001864265599
947,0.025941057474911745
975,0.0008329697354329459
1023,0.0011502915394074015
1028,0.004720161834120027
1029,0.0010709610884137876
1062,7.93304509936139e-05
1063,0.007338066716909285
1069,1.0
1084,0.0017056046963626987
1101,0.0011106263139105945
1102,0.18115108484391734
1104,0.007219071040418865
1106,0.01741303399309825
1107,0.010590615207647456
1110,0.0005553131569552973
1112,0.04367141327198445
1113,0.009321327991749633
1116,0.025941057474911745
1117,0.014120820276863275
1168,0.006148109952005077
1164,0.000793304509936139
1177,0.1381539804053786
1187,0.00027765657847764864
1188,0.027844988298758477
1189,0.04367141327198445
1190,0.06378168259886557
1194,0.0012296219904010155
1197,0.002895561461266907
1199,0.01546943794375471
1204,0.14858593471103884
1205,0.04577367022331522
1208,0.007576058069890128
1211,0.001626274245369085
1216,0.027210344690809567
1217,0.009123001864265599
1218,0.006584427432469953
1228,0.003173218039744556
1229,0.0005553131569552973
1232,0.0003966522549680695
1233,0.04708262266470985
1235,0.012851533060965451
1236,0.0026972353337828725
1237,0.023521478719606522
1240,0.011225258815596367
1241,0.0026972353337828725
1249,0.0
1252,0.008686684383800722
1253,0.02094323906231407
1255,0.04037919955574947
1256,0.005037483638094482
1257,0.00947998889373686
1258,0.11578279322517948
1259,0.0063067708539923046
1293,0.04974019277299591
1328,0.007179405814922058
1339,0.03546071159414541
1343,0.018999643012970528
1348,0.3304906588393955
1349,0.051644123596842645
1350,0.06334536511840069
1358,0.0029748919122605214
1440,0.35540042045139025
1443,0.04228313037959621
1445,0.43373924080758397
1448,0.0018246003728531197
1449,0.0034905398437190117
1452,0.004561500932132799
1454,0.11510848439173377
1455,0.2322002300583079
1456,0.005791122922533814
1457,0.008924675736781563
1458,0.016699059934155727
1459,0.011344254492086788
1460,0.007774384197374162
1461,0.016818055610646147
1462,0.002181587402324382
1463,0.0001586609019872278
1464,0.0019832612748403476
1465,0.006267105628495498
1469,0.007060410138431637
1472,0.0012692872158978224
1477,0.0012296219904010155
1485,0.2197850144778073
1487,0.008726349609297529
1489,0.0032922137162349767
1490,0.0063067708539923046
1491,0.0032922137162349767
1492,0.021141565189798105
1493,0.0042838443536551505
1495,0.01729403831660783
1496,0.44083931617151245
1497,0.003093887588750942
1500,0.02030859545436516
1501,0.022331521954702314
1502,0.002419578755305224
1512,0.01182023719804847
1536,0.0049581531871008685
1539,0.004244179128158344
1550,0.010312958629169807
1551,0.0673515528935782
1552,0.00234024830431161
1555,0.00027765657847764864
1673,0.014557137757328151
1623,0.37471738526833526
1626,0.0058307881480306216
1629,0.010074967276188965
1631,0.002181587402324382
1633,0.0006346436079489112
1635,0.006068779501011463
1670,0.007695053746380548
1671,0.004402840030145572
1683,0.004561500932132799
1685,0.03236682400539447
1689,0.005910118599024235
1691,0.10285192971322042
1692,0.004640831383126413
1693,0.0011899567649042084
1696,0.004006187775177502
1697,0.0002379913529808417
1698,0.022688508984173576
1702,0.0030145571377573283
1704,0.006029114275514657
1710,0.005235809765578517
1713,0.0019039308238467335
1714,0.042045139026615365
1717,0.08726349609297529
1719,0.024592439808020308
1721,0.04351275236999722
1722,0.007298401491412479
1724,0.005910118599024235
1725,0.024513109357026695
1726,0.008290032128832652
1727,0.027091349014319147
1728,0.0035698702947126256
1729,0.05176311927333307
1739,0.0017056046963626987
1747,0.0025782396572924518
1748,0.031097536789496647
1753,0.001546943794375471
1755,0.021339891317282138
1804,0.05783189877434453
1812,0.0005156479314584904
1818,0.012851533060965451
1822,0.013882828923882432
1823,0.25691166554281863
1825,0.01170124152155805
1908,0.01757169489508548
1909,0.018563325532505653
1911,0.008647019158303916
1915,0.014477807306334536
1926,0.01015429772718258
1929,0.0015072785688786641
1930,0.05033517115544802
1931,0.0006346436079489112
1932,0.009162667089762405
1933,0.03419142437824759
1939,0.15957320217365437
1941,0.0010312958629169807
1942,0.044901035262385466
1956,0.010193962952679386
1957,0.22513981991987625
1962,0.010471619531157035
1983,0.07683154178731506
1989,0.039585895045813335
1990,0.003847526873190274
1991,0.0013089524413946293
1995,0.03438975050573163
1996,0.001546943794375471
1997,0.005275474991075324
2000,0.0027369005592796794
2001,0.0047598270596168335
2002,0.0159850858752132
2003,0.008131371226845424
2004,0.030343897505057317
2007,0.0009916306374201738
2025,0.07179405814922057
2032,7.93304509936139e-05
2046,0.0012296219904010155
2050,0.10305025584070446
2055,0.03724564674150173
2056,0.01364483757090159
2081,0.04882789258656935
2082,0.004442505255642378
2092,0.04156915632065368
2102,0.6433699575582087
2105,0.33465550751656026
2113,0.01182023719804847
2117,0.028796953710681847
2120,0.01753202966958867
2121,0.009559319344730475
2123,0.0021022569513307683
2134,0.09995636825195352
2231,0.0026179048827892587
2136,0.11193526635198921
2234,0.0025782396572924518
2139,0.04414739597794613
2142,0.01796834715005355
2143,0.012970528737455873
2145,0.004521835706635992
2146,0.06477331323628575
2148,0.005910118599024235
2149,0.009955971599698544
2150,0.01118559359009956
2151,0.003054222363254135
2152,0.016302407679187655
2153,0.005513466344056166
2154,0.009678315021220896
2155,0.0354210463686486
2157,0.0015072785688786641
2283,0.009043671413271984
2292,0.0004759827059616834
2293,0.08361429534726905
2294,0.07952877712109793
2299,0.0029748919122605214
2300,0.012573876482487803
2302,0.026615366308357463
2303,0.0063067708539923046
2248,0.2260917853317996
2249,0.013327515766927134
2274,0.007139740589425251
2277,0.006544762206973147
2279,0.006386101304985919
2281,0.04728094879219388
2284,0.007417397167902899
2285,0.06187775177501884
2289,0.01614374677720043
2296,0.0036492007457062394
2304,0.008567688707310301
2305,0.3440165007338067
2307,0.008131371226845424
2308,0.024394113680536275
2310,0.008290032128832652
2311,0.00325254849073817
2312,0.08766014834794336
2313,0.024790765935504343
2315,0.05799055967633176
2351,0.006703423108960375
2243,0.3080401412082028
2354,0.1181627067549879
2355,0.022569513307683153
2358,0.03125619769148388
2360,0.07012811867835468
2363,0.023521478719606522
2388,0.0019435960493435404
2392,0.0019832612748403476
2552,0.11098330094006584
2422,0.11372020149934553
2436,0.0008726349609297529
2437,0.0028162310102732933
2441,0.0018642655983499266
2443,0.002459243980802031
2449,0.0021419221768275752
2451,7.93304509936139e-05
2452,0.002300583078814803
2455,0.04843124033160129
2456,0.03284280671135616
2457,0.022252191503708697
2459,0.14537305144579746
2462,0.017373368767601444
2463,0.13220419658085755
2464,0.006187775177501884
2465,0.008409027805323073
21199,0.05890285986275832
2466,0.023680139621593748
2469,0.02003093887588751
2470,0.008488358256316688
2471,0.004363174804648764
2473,0.03760263377097299
2474,0.007338066716909285
2475,0.053230732616714925
2476,0.05565031137202015
2477,0.017730355797072706
2483,0.016342072904684462
2484,0.002221252627821189
2486,0.018166673277537584
2487,0.0002379913529808417
2497,0.01725437309111102
2498,0.0026575701082860656
2499,0.021181230415294912
2502,0.3012573876482488
2507,0.007219071040418865
2514,0.016342072904684462
2515,0.11974931577486018
2524,0.02145888699377256
2551,0.016818055610646147
2553,0.021815874023243823
2559,0.008766014834794335
2566,0.00019832612748403475
2568,0.0076553885208837415
2570,0.09737812859466106
2572,0.01015429772718258
2712,0.03284280671135616
2728,0.013327515766927134
2634,0.05624528975447225
2663,0.014636468208321764
2673,0.2827337273412399
2675,0.04184681289913133
2678,0.028757288485185037
2679,0.03070088453452858
2691,0.01221688945301654
2703,0.007100075363928444
2704,0.008805680060291143
2706,0.017135377414620602
2707,0.003093887588750942
2708,0.03950656459481972
2710,0.00142794811788505
2714,0.0042838443536551505
2716,0.003966522549680695
2717,0.004640831383126413
2719,0.00507714886359129
2722,0.47253183134346116
2724,0.0069810796874380234
2727,0.014795129110308992
2729,0.04954186664551188
2731,0.0008329697354329459
2732,0.0037285311966998532
2733,0.02899527983816588
2734,0.11514814961723058
2961,0.005037483638094482
2806,0.000713974058942525
2814,0.005315140216572131
2815,0.008607353932807107
2816,0.015112450914283447
2818,0.0017452699218595059
2825,0.0020229265003371545
2834,0.008250366903335846
2836,0.0029352266867637145
2839,0.0011106263139105945
2842,0.0019832612748403476
2844,0.02030859545436516
2846,0.00325254849073817
2847,0.017095712189123796
2848,0.006862084010947602
2850,0.0006743088334457181
2855,0.00142794811788505
2856,0.00325254849073817
2859,0.01118559359009956
2868,0.0753639284439332
2878,0.0009123001864265598
2879,0.0004759827059616834
2884,0.0004759827059616834
2885,0.00043631748046487647
2888,0.0004759827059616834
2905,0.006425766530482726
2906,0.035262385466661376
2907,0.0003966522549680695
2908,0.0502161754789576
2910,0.07044544048232915
2957,0.005315140216572131
2981,0.004204513902661537
2982,0.01273253738447503
2990,0.0018642655983499266
2993,0.014279481178850502
2994,0.0771091983657927
2995,0.00987664114870493
2996,0.21205029550592996
2997,0.06235373448098053
2998,0.04862956645908532
3006,0.016659394708658917
3188,0.0058307881480306216
3009,0.002181587402324382
3010,0.00011899567649042085
3011,0.002300583078814803
3012,0.0011106263139105945
3013,0.01209789377652612
3015,0.018127008052040774
3017,0.004878822736107255
3018,0.009440323668240054
3019,0.037364642417992144
3021,0.0010312958629169807
3022,0.0013089524413946293
3026,0.06481297846178255
3027,0.023243822141128873
3028,0.19987307127841022
3029,0.2198246797033041
3032,0.004006187775177502
3025,0.00027765657847764864
3034,0.0034112093927253975
3039,0.017730355797072706
3045,0.013882828923882432
3051,0.00142794811788505
3057,0.008171036452342231
3077,0.00519614454008171
3101,0.05116814089088097
3122,0.003807861647693467
3132,0.004640831383126413
3133,0.012177224227519733
3134,0.025663400896434096
3137,0.003093887588750942
3139,0.004640831383126413
3140,0.005275474991075324
3142,0.009638649795724088
3143,0.020586252032842808
3144,0.01562809884574194
3145,0.002419578755305224
3146,0.008171036452342231
3147,0.013049859188449486
3151,0.007179405814922058
3152,0.009717980246717703
3154,0.025266748641466028
3155,0.01078894133513149
3165,0.00043631748046487647
3166,0.00019832612748403475
3167,0.0008329697354329459
3175,0.0018642655983499266
3176,0.07048510570782594
3177,0.00884534528578795
3187,0.012692872158978224
3372,0.00027765657847764864
3191,0.012573876482487803
3192,0.0251080877394788
3193,0.12585776050136846
3194,0.02145888699377256
3195,0.11982864622585379
3197,0.046765300860735395
939,0.38169846495577325
940,0.40736186585220735
3198,0.06814485740351434
943,0.5050176510253461
3199,0.0003173218039744556
3200,0.00610844472650827
3201,0.016976716512633376
3219,0.00019832612748403475
3230,0.013168854864939907
3232,0.0021022569513307683
3233,0.023521478719606522
3235,0.009321327991749633
3242,0.012177224227519733
3243,0.0006743088334457181
3244,0.0049581531871008685
3246,0.021895204474237435
3247,0.0020229265003371545
3251,0.0044821704811391855
3255,0.053905041450160646
3256,0.00043631748046487647
3257,0.00793304509936139
3258,0.009281662766252826
3259,0.02050692158184919
3260,0.048589901233588514
3261,0.013287850541430328
3262,0.0051564793145849035
3263,0.020348260679861965
3296,0.0036888659712030463
3297,0.000793304509936139
3304,0.003887192098687081
3305,0.003450874618222205
3306,0.001586609019872278
3312,0.05315140216572131
3315,0.005949783824521043
3317,0.004601166157629606
3325,0.003133552814247749
3326,0.0005949783824521042
3331,0.006782753559953988
3335,0.00019832612748403475
3337,0.010868271786125105
