22,457
49,4
58,7
65,2772
80,23
82,38
86,1515
90,384
94,22
125,170
173,2396
174,281
175,3171
176,429
177,4
178,364
180,717
181,822
182,737
183,4477
185,148
186,854
187,785
188,5
189,252
192,72
195,151
196,338
200,65
201,3924
206,42
228,606
230,69
237,22
241,17
242,68
243,625
288,11
289,12
307,17
309,87
317,19139
318,6631
8918479,2
321,25
322,18
323,59
324,294
327,1561
329,1124
332,95
333,1800
334,1039
338,2412
343,115
345,2051
346,897
347,601
348,1917
350,65
352,225
355,981
356,937
360,1034
361,1190
364,1757
365,376
369,892
373,120
375,816
376,60
389,86
381,2
382,1916
383,2056
393,21
394,6516
403,440
404,294
405,436
406,76
407,380
410,65
412,591
415,369
416,152
418,914
424,2250
428,42
473,126
474,509
476,11
477,455
480,195
483,3862
484,75
485,261
486,74
490,55
491,79
492,448
494,82
495,564
497,1153
499,10467
500,281
509,7
515,141
519,16
534,254
535,526
536,243
539,247
541,499
547,230
548,563
553,412
554,1911
555,343
558,31
559,119
563,466
571,87
574,165
578,920
580,854
581,393
582,368
586,364
587,544
589,160
590,204
592,242
594,476
595,640
598,105
599,363
654,92
657,86
658,265
665,132
666,289
668,36
669,76
688,942
671,53
672,216
673,338
674,132
675,251
676,1328
677,254
680,91
683,58
684,120
687,529
689,132
692,1395
694,27
695,9585
696,177
697,104
698,615
699,184
700,17
706,36
711,39
713,306
716,38
720,573
724,50
733,482
741,182
742,19
743,367
751,128
757,99
760,327
761,0
763,593
764,537
766,330
767,73
768,725
769,455
770,288
773,1356
783,16
787,40
789,5888
792,114
795,4743
799,90
800,1535
801,99
802,499
809,2
811,79
814,541
816,773
861,505
868,114
869,1797
872,403
873,197
875,60
876,32
877,254
878,91
879,31
880,36
881,991
882,2356
883,301
884,33
885,26
888,275
889,68
891,2821
893,111
894,246
896,225
897,81
901,57
902,275
910,233
911,553
914,230
947,654
975,21
1023,29
1028,119
1029,27
1062,2
1063,185
1069,25211
1084,43
1101,28
1102,4567
1104,182
1106,439
1107,267
1110,14
1112,1101
1113,235
1116,654
1117,356
1168,155
1164,20
1177,3483
1187,7
1188,702
1189,1101
1190,1608
1194,31
1197,73
1199,390
1204,3746
1205,1154
1208,191
1211,41
1216,686
1217,230
1218,166
1228,80
1229,14
1232,10
1233,1187
1235,324
1236,68
1237,593
1240,283
1241,68
1249,0
1252,219
1253,528
1255,1018
1256,127
1257,239
1258,2919
1259,159
1293,1254
1328,181
1339,894
1343,479
1348,8332
1349,1302
1350,1597
1358,75
1440,8960
1443,1066
1445,10935
1448,46
1449,88
1452,115
1454,2902
1455,5854
1456,146
1457,225
1458,421
1459,286
1460,196
1461,424
1462,55
1463,4
1464,50
1465,158
1469,178
1472,32
1477,31
1485,5541
1487,220
1489,83
1490,159
1491,83
1492,533
1493,108
1495,436
1496,11114
1497,78
1500,512
1501,563
1502,61
1512,298
1536,125
1539,107
1550,260
1551,1698
1552,59
1555,7
1673,367
1623,9447
1626,147
1629,254
1631,55
1633,16
1635,153
1670,194
1671,111
1683,115
1685,816
1689,149
1691,2593
1692,117
1693,30
1696,101
1697,6
1698,572
1702,76
1704,152
1710,132
1713,48
1714,1060
1717,2200
1719,620
1721,1097
1722,184
1724,149
1725,618
1726,209
1727,683
1728,90
1729,1305
1739,43
1747,65
1748,784
1753,39
1755,538
1804,1458
1812,13
1818,324
1822,350
1823,6477
1825,295
1908,443
1909,468
1911,218
1915,365
1926,256
1929,38
1930,1269
1931,16
1932,231
1933,862
1939,4023
1941,26
1942,1132
1956,257
1957,5676
1962,264
1983,1937
1989,998
1990,97
1991,33
1995,867
1996,39
1997,133
2000,69
2001,120
2002,403
2003,205
2004,765
2007,25
2025,1810
2032,2
2046,31
2050,2598
2055,939
2056,344
2081,1231
2082,112
2092,1048
2102,16220
2105,8437
2113,298
2117,726
2120,442
2121,241
2123,53
2134,2520
2231,66
2136,2822
2234,65
2139,1113
2142,453
2143,327
2145,114
2146,1633
2148,149
2149,251
2150,282
2151,77
2152,411
2153,139
2154,244
2155,893
2157,38
2283,228
2292,12
2293,2108
2294,2005
2299,75
2300,317
2302,671
2303,159
2248,5700
2249,336
2274,180
2277,165
2279,161
2281,1192
2284,187
2285,1560
2289,407
2296,92
2304,216
2305,8673
2307,205
2308,615
2310,209
2311,82
2312,2210
2313,625
2315,1462
2351,169
2243,7766
2354,2979
2355,569
2358,788
2360,1768
2363,593
2388,49
2392,50
2552,2798
2422,2867
2433,41240
2436,22
2437,71
2441,47
2443,62
2449,54
2451,2
2452,58
2455,1221
2456,828
2457,561
2459,3665
2462,438
2463,3333
2464,156
2465,212
21199,1485
2466,597
2469,505
2470,214
2471,110
2473,948
2474,185
2475,1342
2476,1403
2477,447
2483,412
2484,56
2486,458
2487,6
2497,435
2498,67
2499,534
2502,7595
2507,182
2514,412
2515,3019
2524,541
2551,424
2553,550
2559,221
2566,5
2568,193
2570,2455
2572,256
2712,828
2728,336
2634,1418
2663,369
2673,7128
2675,1055
2678,725
2679,774
2691,308
2703,179
2704,222
2706,432
2707,78
2708,996
2710,36
2714,108
2716,100
2717,117
2719,128
2722,11913
2724,176
2727,373
2729,1249
2731,21
2732,94
2733,731
2734,2903
2961,127
2806,18
2814,134
2815,217
2816,381
2818,44
2825,51
2834,208
2836,74
2839,28
2842,50
2844,512
2846,82
2847,431
2848,173
2850,17
2855,36
2856,82
2859,282
2868,1900
2878,23
2879,12
2884,12
2885,11
2888,12
2905,162
2906,889
2907,10
2908,1266
2910,1776
2957,134
2981,106
2982,321
2990,47
2993,360
2994,1944
2995,249
2996,5346
2997,1572
2998,1226
3006,420
3188,147
3009,55
3010,3
3011,58
3012,28
3013,305
3015,457
3017,123
3018,238
3019,942
3021,26
3022,33
3026,1634
3027,586
3028,5039
3029,5542
3032,101
3025,7
3034,86
3039,447
3045,350
3051,36
3057,206
3077,131
3101,1290
3122,96
3132,117
3133,307
3134,647
3137,78
3139,117
3140,133
3142,243
3143,519
3144,394
3145,61
3146,206
3147,329
3151,181
3152,245
3154,637
3155,272
3165,11
3166,5
3167,21
3175,47
3176,1777
3177,223
3187,320
3372,7
3191,317
3192,633
3193,3173
3194,541
3195,3021
3197,1179
939,9623
940,10270
3198,1718
943,12732
3199,8
3200,154
3201,428
3219,5
3230,332
3232,53
3233,593
3235,235
3242,307
3243,17
3244,125
3246,552
3247,51
3251,113
3255,1359
3256,11
3257,200
3258,234
3259,517
3260,1225
3261,335
3262,130
3263,513
3296,93
3297,20
3304,98
3305,87
3306,40
3312,1340
3315,150
3317,116
3325,79
3326,15
3331,171
3335,5
3337,274
