22,0.00752181255332
49,6.58364337271e-05
58,0.000115213759022
65,0.0456246485729
80,0.000378559493931
82,0.000625446120408
86,0.0249355492742
90,0.0063202976378
94,0.000362100385499
125,0.0027980484334
173,0.0394360238026
174,0.00462500946933
175,0.0521918328372
176,0.00706095751723
177,6.58364337271e-05
178,0.00599111546917
180,0.0118011807456
181,0.0135293871309
182,0.0121303629142
183,0.0736874284491
185,0.0024359480479
186,0.0140560786007
187,0.0129204001189
188,8.22955421589e-05
189,0.00414769532481
192,0.00118505580709
195,0.0024853253732
196,0.00556317864994
200,0.00106984204807
201,0.0645855414863
206,0.000691282554135
228,0.00997421970966
230,0.00113567848179
237,0.000362100385499
241,0.00027980484334
242,0.00111921937336
243,0.0102869427699
288,0.00018105019275
289,0.000197509301181
307,0.00027980484334
309,0.00143194243357
317,0.315010876276
318,0.109140348011
8918479,3.29182168636e-05
321,0.000411477710795
322,0.000296263951772
323,0.000971087397475
324,0.00483897787894
327,0.025692668262
329,0.0185000378773
332,0.00156361530102
333,0.0296263951772
334,0.0171010136606
338,0.0396993695375
343,0.00189279746965
345,0.0337576313936
346,0.0147638202633
347,0.0098919241675
348,0.0315521108637
350,0.00106984204807
352,0.00370329939715
355,0.0161463853716
356,0.0154221846006
360,0.0170187181185
361,0.0195863390338
364,0.0289186535146
365,0.00618862477035
369,0.0146815247211
373,0.00197509301181
375,0.0134306324803
376,0.000987546505907
389,0.00141548332513
381,3.29182168636e-05
382,0.0315356517553
383,0.0338399269357
393,0.000345641277067
394,0.107247550541
403,0.00724200770998
404,0.00483897787894
405,0.00717617127626
406,0.00125089224082
407,0.00625446120408
410,0.00106984204807
412,0.00972733308318
415,0.00607341101133
416,0.00250178448163
418,0.0150436251066
424,0.0370329939715
428,0.000691282554135
473,0.0020738476624
474,0.00837768619178
476,0.00018105019275
477,0.00748889433646
480,0.0032095261442
483,0.0635650767635
484,0.00123443313238
485,0.0042958273007
486,0.00121797402395
490,0.000905250963748
491,0.00130026956611
492,0.00737368057744
494,0.00134964689141
495,0.00928293715553
497,0.0189773520218
499,0.172277487955
500,0.00462500946933
509,0.000115213759022
515,0.00232073428888
519,0.000263345734909
534,0.00418061354167
535,0.00865749103512
536,0.00399956334892
539,0.00406539978265
541,0.00821309510746
547,0.00378559493931
548,0.00926647804709
553,0.00678115267389
554,0.0314533562131
555,0.0056454741921
558,0.000510232361385
559,0.00195863390338
563,0.00766994452921
571,0.00143194243357
574,0.00271575289124
578,0.0151423797572
580,0.0140560786007
581,0.00646842961369
582,0.0060569519029
586,0.00599111546917
587,0.00895375498689
589,0.00263345734909
590,0.00335765812008
592,0.00398310424049
594,0.00783453561353
595,0.0105338293963
598,0.00172820638534
599,0.00597465636074
654,0.00151423797572
657,0.00141548332513
658,0.00436166373442
665,0.002172602313
666,0.00475668233679
668,0.000592527903544
669,0.00125089224082
688,0.0155044801427
671,0.000872332746884
672,0.00355516742127
673,0.00556317864994
674,0.002172602313
675,0.00413123621638
676,0.0218576959974
677,0.00418061354167
680,0.00149777886729
683,0.000954628289043
684,0.00197509301181
687,0.00870686836041
689,0.002172602313
692,0.0229604562623
694,0.000444395927658
695,0.157760554319
696,0.00291326219243
697,0.00171174727691
698,0.0101223516855
699,0.00302847595145
700,0.00027980484334
706,0.000592527903544
711,0.00064190522884
713,0.00503648718013
716,0.000625446120408
720,0.00943106913141
724,0.000822955421589
733,0.00793329026412
741,0.00299555773458
742,0.000312723060204
743,0.00604049279446
751,0.00210676587927
757,0.00162945173475
760,0.00538212845719
761,0.0
763,0.00976025130005
764,0.00883854122787
766,0.00543150578249
767,0.00120151491552
768,0.011932853613
769,0.00748889433646
770,0.00474022322835
773,0.0223185510335
783,0.000263345734909
787,0.000658364337271
789,0.0969112304463
792,0.00187633836122
795,0.0780655512919
799,0.00148131975886
800,0.0252647314428
801,0.00162945173475
802,0.00821309510746
809,3.29182168636e-05
811,0.00130026956611
814,0.00890437766159
816,0.0127228908178
861,0.00831184975805
868,0.00187633836122
869,0.0295770178519
872,0.00663302069801
873,0.00324244436106
875,0.000987546505907
876,0.000526691469817
877,0.00418061354167
878,0.00149777886729
879,0.000510232361385
880,0.000592527903544
881,0.0163109764559
882,0.0387776594653
883,0.00495419163797
884,0.000543150578249
885,0.000427936819226
888,0.00452625481874
889,0.00111921937336
891,0.0464311448861
893,0.00182696103593
894,0.00404894067422
896,0.00370329939715
897,0.00133318778297
901,0.000938169180612
902,0.00452625481874
910,0.00383497226461
911,0.00910188696278
914,0.00378559493931
947,0.0107642569144
975,0.000345641277067
1023,0.000477314144522
1028,0.00195863390338
1029,0.000444395927658
1062,3.29182168636e-05
1063,0.00304493505988
1069,0.414950582674
1084,0.000707741662567
1101,0.00046085503609
1102,0.075168748208
1104,0.00299555773458
1106,0.00722554860155
1107,0.00439458195129
1110,0.000230427518045
1112,0.0181214783834
1113,0.00386789048147
1116,0.0107642569144
1117,0.00585944260171
1168,0.00255116180693
1164,0.000329182168636
1177,0.0573270746679
1187,0.000115213759022
1188,0.0115542941191
1189,0.0181214783834
1190,0.0264662463583
1194,0.000510232361385
1197,0.00120151491552
1199,0.0064190522884
1204,0.0616558201855
1205,0.0189938111303
1208,0.00314368971047
1211,0.000674823445703
1216,0.0112909483842
1217,0.00378559493931
1218,0.00273221199968
1228,0.00131672867454
1229,0.000230427518045
1232,0.000164591084318
1233,0.0195369617085
1235,0.0053327511319
1236,0.00111921937336
1237,0.00976025130005
1240,0.00465792768619
1241,0.00111921937336
1249,0.0
1252,0.00360454474656
1253,0.00869040925198
1255,0.0167553723836
1256,0.00209030677084
1257,0.0039337269152
1258,0.0480441375124
1259,0.00261699824065
1293,0.0206397219735
1328,0.00297909862615
1339,0.014714442938
1343,0.00788391293882
1348,0.137137291454
1349,0.0214297591782
1350,0.0262851961656
1358,0.00123443313238
1440,0.147473611549
1443,0.0175454095883
1445,0.179980350702
1448,0.000757118987862
1449,0.001448401542
1452,0.00189279746965
1454,0.047764332669
1455,0.0963516207597
1456,0.00240302983104
1457,0.00370329939715
1458,0.00692928464978
1459,0.00470730501149
1460,0.00322598525263
1461,0.00697866197508
1462,0.000905250963748
1463,6.58364337271e-05
1464,0.000822955421589
1465,0.00260053913222
1469,0.00292972130086
1472,0.000526691469817
1477,0.000510232361385
1485,0.0911999198205
1487,0.00362100385499
1489,0.00136610599984
1490,0.00261699824065
1491,0.00136610599984
1492,0.00877270479414
1493,0.00177758371063
1495,0.00717617127626
1496,0.182926531111
1497,0.00128381045768
1500,0.00842706351707
1501,0.00926647804709
1502,0.00100400561434
1512,0.00490481431267
1536,0.00205738855397
1539,0.0017611246022
1550,0.00427936819226
1551,0.0279475661172
1552,0.000971087397475
1555,0.000115213759022
1673,0.00604049279446
1623,0.155489197355
1626,0.00241948893947
1629,0.00418061354167
1631,0.000905250963748
1633,0.000263345734909
1635,0.00251824359006
1670,0.00319306703577
1671,0.00182696103593
1683,0.00189279746965
1685,0.0134306324803
1689,0.00245240715634
1691,0.0426784681636
1692,0.00192571568652
1693,0.000493773252953
1696,0.00166236995161
1697,9.87546505907e-05
1698,0.00941461002298
1702,0.00125089224082
1704,0.00250178448163
1710,0.002172602313
1713,0.000790037204726
1714,0.0174466549377
1717,0.0362100385499
1719,0.0102046472277
1721,0.0180556419497
1722,0.00302847595145
1724,0.00245240715634
1725,0.0101717290108
1726,0.00343995366224
1727,0.0112415710589
1728,0.00148131975886
1729,0.0214791365035
1739,0.000707741662567
1747,0.00106984204807
1748,0.0129039410105
1753,0.00064190522884
1755,0.0088550003363
1804,0.0239973800935
1812,0.000213968409613
1818,0.0053327511319
1822,0.00576068795112
1823,0.106605645313
1825,0.00485543698738
1908,0.00729138503528
1909,0.00770286274607
1911,0.00358808563813
1915,0.0060075745776
1926,0.00421353175854
1929,0.000625446120408
1930,0.0208866085999
1931,0.000263345734909
1932,0.00380205404774
1933,0.0141877514682
1939,0.0662149932211
1941,0.000427936819226
1942,0.0186317107448
1956,0.00422999086697
1957,0.0934218994588
1962,0.00434520462599
1983,0.0318812930324
1989,0.0164261902149
1990,0.00159653351788
1991,0.000543150578249
1995,0.0142700470104
1996,0.00064190522884
1997,0.00218906142143
2000,0.00113567848179
2001,0.00197509301181
2002,0.00663302069801
2003,0.00337411722852
2004,0.0125912179503
2007,0.000411477710795
2025,0.0297909862615
2032,3.29182168636e-05
2046,0.000510232361385
2050,0.0427607637058
2055,0.0154551028174
2056,0.00566193330053
2081,0.0202611624795
2082,0.00184342014436
2092,0.0172491456365
2102,0.266966738764
2105,0.138865497839
2113,0.00490481431267
2117,0.0119493127215
2120,0.00727492592685
2121,0.00396664513206
2123,0.000872332746884
2134,0.0414769532481
2231,0.0010863011565
2136,0.0464476039945
2234,0.00106984204807
2139,0.0183189876846
2142,0.0074559761196
2143,0.00538212845719
2145,0.00187633836122
2146,0.0268777240691
2148,0.00245240715634
2149,0.00413123621638
2150,0.00464146857776
2151,0.00126735134925
2152,0.00676469356546
2153,0.00228781607202
2154,0.00401602245735
2155,0.0146979838296
2157,0.000625446120408
2283,0.00375267672245
2292,0.000197509301181
2293,0.0346958005742
2294,0.0330005124057
2299,0.00123443313238
2300,0.00521753737288
2302,0.0110440617577
2303,0.00261699824065
2248,0.0938169180612
2249,0.00553026043308
2274,0.00296263951772
2277,0.00271575289124
2279,0.00264991645752
2281,0.0196192572507
2284,0.00307785327674
2285,0.0256762091536
2289,0.00669885713174
2296,0.00151423797572
2304,0.00355516742127
2305,0.142749847429
2307,0.00337411722852
2308,0.0101223516855
2310,0.00343995366224
2311,0.00134964689141
2312,0.0363746296342
2313,0.0102869427699
2315,0.0240632165273
2351,0.00278158932497
2243,0.127821436081
2354,0.0490316840183
2355,0.00936523269768
2358,0.0129697774442
2360,0.0290997037074
2363,0.00976025130005
2388,0.000806496313157
2392,0.000822955421589
2552,0.0460525853921
2422,0.0471882638739
2436,0.000362100385499
2437,0.00116859669866
2441,0.000773578096294
2443,0.00102046472277
2449,0.000888791855316
2451,3.29182168636e-05
2452,0.000954628289043
2455,0.0200965713952
2456,0.0136281417815
2457,0.00923355983023
2459,0.0603226324025
2462,0.00720908949312
2463,0.0548582084031
2464,0.00256762091536
2465,0.00348933098754
21199,0.0244417760212
2466,0.00982608773377
2469,0.00831184975805
2470,0.0035222492044
2471,0.0018105019275
2473,0.0156032347933
2474,0.00304493505988
2475,0.0220881235155
2476,0.0230921291298
2477,0.00735722146901
2483,0.00678115267389
2484,0.00092171007218
2486,0.00753827166176
2487,9.87546505907e-05
2497,0.00715971216783
2498,0.00110276026493
2499,0.00878916390257
2502,0.125006928539
2507,0.00299555773458
2514,0.00678115267389
2515,0.0496900483556
2524,0.00890437766159
2551,0.00697866197508
2553,0.00905250963748
2559,0.00363746296342
2566,8.22955421589e-05
2568,0.00317660792733
2570,0.0404071112
2572,0.00421353175854
2712,0.0136281417815
2728,0.00553026043308
2634,0.0233390157563
2663,0.00607341101133
2673,0.117320524902
2675,0.0173643593955
2678,0.011932853613
2679,0.0127393499262
2691,0.00506940539699
2703,0.00294618040929
2704,0.00365392207186
2706,0.00711033484253
2707,0.00128381045768
2708,0.0163932719981
2710,0.000592527903544
2714,0.00177758371063
2716,0.00164591084318
2717,0.00192571568652
2719,0.00210676587927
2722,0.196077358748
2724,0.00289680308399
2727,0.00613924744505
2729,0.0205574264313
2731,0.000345641277067
2732,0.00154715619259
2733,0.0120316082636
2734,0.0477807917775
2961,0.00209030677084
2806,0.000296263951772
2814,0.00220552052986
2815,0.0035716265297
2816,0.00627092031251
2818,0.000724200770998
2825,0.000839414530021
2834,0.00342349455381
2836,0.00121797402395
2839,0.00046085503609
2842,0.000822955421589
2844,0.00842706351707
2846,0.00134964689141
2847,0.0070938757341
2848,0.0028474257587
2850,0.00027980484334
2855,0.000592527903544
2856,0.00134964689141
2859,0.00464146857776
2868,0.0312723060204
2878,0.000378559493931
2879,0.000197509301181
2884,0.000197509301181
2885,0.00018105019275
2888,0.000197509301181
2905,0.00266637556595
2906,0.0146321473959
2907,0.000164591084318
2908,0.0208372312746
2910,0.0292313765748
2957,0.00220552052986
2981,0.00174466549377
2982,0.0052833738066
2990,0.000773578096294
2993,0.00592527903544
2994,0.0319965067914
2995,0.00409831799951
2996,0.0879903936763
2997,0.0258737184548
2998,0.0201788669374
3006,0.00691282554135
3188,0.00241948893947
3009,0.000905250963748
3010,4.93773252953e-05
3011,0.000954628289043
3012,0.00046085503609
3013,0.00502002807169
3015,0.00752181255332
3017,0.00202447033711
3018,0.00391726780676
3019,0.0155044801427
3021,0.000427936819226
3022,0.000543150578249
3026,0.0268941831775
3027,0.00964503754102
3028,0.0829374473878
3029,0.0912163789289
3032,0.00166236995161
3025,0.000115213759022
3034,0.00141548332513
3039,0.00735722146901
3045,0.00576068795112
3051,0.000592527903544
3057,0.00339057633695
3077,0.00215614320456
3101,0.021232249877
3122,0.00158007440945
3132,0.00192571568652
3133,0.00505294628856
3134,0.0106490431554
3137,0.00128381045768
3139,0.00192571568652
3140,0.00218906142143
3142,0.00399956334892
3143,0.0085422772761
3144,0.00648488872212
3145,0.00100400561434
3146,0.00339057633695
3147,0.00541504667406
3151,0.00297909862615
3152,0.00403248156579
3154,0.010484452071
3155,0.00447687749344
3165,0.00018105019275
3166,8.22955421589e-05
3167,0.000345641277067
3175,0.000773578096294
3176,0.0292478356833
3177,0.00367038118029
3187,0.00526691469817
3372,0.000115213759022
3191,0.00521753737288
3192,0.0104186156373
3193,0.052224751054
3194,0.00890437766159
3195,0.0497229665724
3197,0.0194052888411
939,0.158386000439
940,0.169035043594
3198,0.0282767482858
943,0.209557368553
3199,0.000131672867454
3200,0.00253470269849
3201,0.0070444984088
3219,8.22955421589e-05
3230,0.00546442399935
3232,0.000872332746884
3233,0.00976025130005
3235,0.00386789048147
3242,0.00505294628856
3243,0.00027980484334
3244,0.00205738855397
3246,0.00908542785434
3247,0.000839414530021
3251,0.00185987925279
3255,0.0223679283588
3256,0.00018105019275
3257,0.00329182168636
3258,0.00385143137304
3259,0.00850935905923
3260,0.0201624078289
3261,0.00551380132465
3262,0.00213968409613
3263,0.0084435226255
3296,0.00153069708416
3297,0.000329182168636
3304,0.00161299262631
3305,0.00143194243357
3306,0.000658364337271
3312,0.0220552052986
3315,0.00246886626477
3317,0.00190925657809
3325,0.00130026956611
3326,0.000246886626477
3331,0.00281450754183
3335,8.22955421589e-05
3337,0.00450979571031
