7346 1
2722 6
4875 16
6519 1
23007 1
16234 3
12806 1
16107 4
4424 1
9957 2
17327 1
15639 1
10004 3
13017 1
10241 2
7835 1
7363 2
6268 4
178 1
3372 3
7928 3
10505 1
16007 1
9732 1
13267 2
485 1
12661 1
17225 3
6071 3
8182 1
20727 1
1188 2
6062 1
9767 1
8819 1
24000 1
21080 3
11928 2
13388 1
13480 1
14252 1
15316 1
24142 5
3659 1
1991 3
24437 1
802 2
17696 2
22717 1
13053 1
19257 1
6542 3
10118 2
10583 1
9846 5
5880 2
3640 1
23817 1
21078 1
6830 2
3243 1
11832 9
7134 2
19262 2
2285 5
7358 2
6164 1
22840 1
7903 1
14552 1
10705 3
17810 1
24052 1
23551 1
6137 2
16365 4
943 21
17255 1
21773 1
21903 1
20963 1
4725 3
16966 3
13712 2
10352 1
1101 1
11965 1
16300 1
4319 1
333 3
1445 1
4165 2
14867 1
7745 1
9784 1
65 1
19030 1
17936 1
13160 1
206 2
8724 2
9494 1
3918 1
1693 1
4114 1
12091 1
5860 3
12945 1
6823 1
7006 5
17803 1
4296 1
24420 1
15792 1
11924 1
6386 1
18338 1
15549 2
4095 2
11227 1
13495 1
11993 1
8690 2
11629 1
2836 5
3889 2
3794 2
4610 1
4941 3
10266 1
7278 2
2842 3
16054 1
8644 1
20839 1
3262 1
20817 2
11948 1
15566 1
5978 4
10287 1
11840 4
15653 1
9747 1
3781 1
3051 1
7812 4
11347 1
6204 1
11818 2
12168 3
5998 5
17973 1
6170 1
12895 1
16210 1
19213 1
2888 3
17831 1
13936 1
18415 2
20038 4
10320 4
7970 2
5144 1
12048 1
24291 2
7845 2
21562 1
9281 2
6716 3
20638 1
3666 1
9946 5
16897 1
12162 2
13542 2
17477 1
4807 1
13812 1
5274 5
3924 1
20223 2
13126 1
19914 2
23422 1
4720 4
8921610 1
5902 11
20619 3
1939 6
14310 2
6780 1
19339 1
332 2
2515 6
20774 1
10133 1
20618 1
8804 1
5905 2
3325 1
14037 1
8987 1
17331 3
15672 1
9126 2
17285 1
9858 2
5015 2
23232 1
22985 2
8483 2
6831 1
15302 1
14699 2
1187 1
23399 2
19366 2
5676 4
24194 1
2663 3
22784 4
407 1
13419 1
15959 3
3011 1
24092 4
10652 3
7274 1
19335 1
17407 2
24433 4
12692 1
5798 3
16379 1
1249 2
5751 1
3637 1
22973 2
2816 2
7211 2
13765 2
10794 2
6486 4
8977 2
22471 2
6694 1
10750 1
22480 2
1457 1
14386 1
21551 1
5320 1
3167 3
11695 1
2463 1
355 2
5871 1
19347 2
5799 1
10767 1
8778 1
6529 5
3387 1
6981 3
5671 1
6176 1
6725 1
22689 5
7035 1
4416 1
6421 2
11512 5
22434 1
11600 1
10690 2
12248 1
22205 3
22964 2
9956 3
16188 1
19866 3
22878 1
3194 3
7005 1
4115 3
10261 2
9608 5
17108 3
10237 1
6661 1
18179 2
6701 1
5145 1
23387 1
8597 1
22428 2
5976 5
12360 1
10353 1
6742 2
2299 3
7232 4
4834 4
23580 1
21193 1
12180 4
21408 1
17479 1
24488 1
21303 1
6383 2
11326 1
696 1
3925 1
9007 3
5620 12
1626 1
7973 4
930 2
7433 1
6146 1
19758 1
5018 1
22238 1
9275 1
3876 2
19026 1
8384 1
4436 2
21872 1
18235 2
5617 1
1692 1
8703 1
16979 2
6213 1
24273 1
7216 4
21114 2
12038 1
8649 1
767 1
2568 1
21854 1
19806 1
23578 1
16190 1
13898 2
23571 1
23596 1
7727 2
16232 1
3140 2
4535 9
22690 1
15164 2
4386 1
3457 1
9782 2
20846 1
9737 1
7139 2
14882 1
15602 1
2994 2
3306 3
19439 1
2471 1
5705 1
5714 4
11351 1
15655 1
5768 5
5446 4
7978 1
6160 1
324 2
22503 1
21309 2
15578 1
3935 1
21301 1
5260 1
19409 1
9774 2
14835 1
13340 2
12960 1
4382 3
10061 1
10452 2
6312 1
6786 1
4264 2
6008 3
10339 1
2996 2
7648 1
21857 1
688 5
582 5
12065 2
19334 2
6510 1
23516 1
6782 6
15548 2
15323 1
24080 4
21454 2
3155 5
12934 1
1062 1
6973 1
2152 2
20636 1
18010 1
20405 1
22478 1
22969 2
7444 2
16375 1
6095 1
17889 2
19726 1
2032 1
1104 1
6063 1
9246 1
1107 1
22150 2
8808 5
7810 1
15660 1
17068 2
13258 3
940 10
2844 1
14532 1
5738 1
5394 1
16531 2
11135 1
5000 2
13476 4
10737 1
9187 6
22623 1
12020 1
8188 3
9262 3
13816 2
13313 1
7712 2
3027 7
13042 3
9768 1
334 1
919 12
22004 1
16022 2
18644 1
23030 1
23783 5
23469 1
9474 1
24605 2
3057 1
9284 5
5899 5
19433 2
3297 1
14427 1
12163 2
9260 3
23235 2
5986 1
10213 2
21270 5
13252 5
22460 1
20713 1
8700 6
13261 1
6356 3
7350 1
13944 1
6355 1
16742 3
16975 1
8635 1
7821 1
19123 1
20804 5
1496 5
8524 3
16359 1
14768 1
22731 1
22987 2
15392 2
7735 1
17053 1
20497 2
1631 5
14862 1
9117 2
18738 1
7999 2
24586 1
7281 2
880 1
15328 2
11517 1
23813 2
14139 4
23117 1
8516 6
5967 2
15157 1
559 1
4603 1
8495 4
20974 3
5258 1
16205 3
10255 1
13692 4
6768 1
22456 1
15283 4
11649 5
10177 1
24198 1
7609 1
3892 2
3681 1
21201 5
9199 2
23500 2
13820 1
24216 3
9139 2
21427 1
19649 1
2313 2
13818 2
4742 1
7300 1
16381 1
7133 5
9829 2
318 2
13019 2
11288 1
6809 2
15619 1
21081 1
4177 1
16229 1
1739 1
16708 1
14861 1
9108 1
7147 6
2139 1
2961 1
7702 2
6327 6
230 2
17631 1
17408 1
24487 2
11146 1
14132 2
13709 3
13809 2
10329 1
1633 1
15168 4
4724 1
3514 1
12981 2
23793 1
13170 3
22060 2
9539 5
5136 4
7001 1
7620 4
8490 1
23592 1
15650 1
17066 3
24598 1
12141 1
13284 1
17938 2
18043 1
3143 3
22451 1
20645 1
1459 1
19797 1
7643 1
2387 2
4100 1
17627 1
4070 1
5325 1
13912 1
3668 1
18986 1
2436 1
15406 1
12908 1
5303 1
8679 3
3145 2
11390 2
18194 5
8802 1
200 1
1930 4
8919829 1
24245 1
5747 1
11327 2
22979 3
5851 3
3847 1
23770 1
21535 1
16983 1
21407 1
16338 1
24101 1
7840 1
4731 3
20135 1
4268 3
19777 1
882 6
18416 1
9756 1
9103 1
21916 2
13913 1
16703 1
3032 1
4400 2
7621 3
20940 1
4732 1
8787 4
10115 1
17412 1
20495 4
22877 1
8646 1
4065 2
19536 1
23666 2
5985 1
2451 1
5159 2
24454 1
12175 1
13277 2
7897 6
6878 4
15162 1
23321 1
1343 1
22486 2
12785 1
9541 2
19704 5
11323 1
16903 1
19004 1
19130 3
21444 2
15378 1
15346 4
12606 1
9910 1
2673 10
19437 1
7369 3
21632 2
16062 7
14318 1
536 2
13335 1
389 2
19785 2
8084 1
2433 2
15031 1
196 1
8680 1
19756 1
12186 1
16311 1
10501 1
13834 1
6325 1
7733 1
1205 1
10088 1
22971 4
23926 3
16396 1
19703 1
23234 1
9045 2
16357 2
9939 1
18402 3
6697 1
9834 1
22983 2
19243 2
8170 1
1691 1
20793 2
23087 1
10496 3
6371 3
2839 1
12253 5
15503 2
902 4
23847 1
4051 5
4326 2
4607 2
9703 1
8125 1
17733 1
17261 2
17879 5
13824 1
7285 2
14372 2
21742 2
13847 1
7340 2
932 3
20396 1
18027 2
8189 1
22204 1
9545 1
15584 1
8469 5
8518 3
22509 1
9693 2
18743 1
2486 1
5245 3
15984 1
8687 1
1237 4
14601 1
7140 1
12093 4
49 2
9866 2
9078 5
6258 1
15493 3
21075 1
18044 1
13788 1
5217 1
24257 1
10340 1
4089 2
18611 3
1349 1
17685 1
8942 1
17262 1
4240 1
7234 3
9536 1
12996 1
6134 1
20702 3
22176 1
17748 1
6989 1
9562 1
1818 3
11319 2
13531 1
2134 1
18633 2
22679 3
5737 1
7770 1
18214 1
3921 5
20641 1
4316 2
16822 1
11349 1
18612 5
5458 8
19336 3
904 5
20533 2
15666 1
12944 2
1211 1
23143 1
3655 1
23243 3
12852 4
12043 1
5818 1
24369 1
12875 1
1671 1
4082 5
6140 1
5720 1
17797 1
23479 1
7969 2
24177 1
9272 1
4574 1
3840 2
16723 1
12872 1
19173 1
3418 1
14565 1
20818 3
23132 1
6068 2
9707 3
6503 1
11583 2
24043 1
14171 1
404 1
317 2
7627 1
6956 5
11578 1
23319 2
9270 1
22820 1
7664 3
13207 1
5352 1
669 1
9500 2
13920 2
5907 2
9802 1
7842 1
581 2
13997 3
4423 1
25999 1
1487 1
7708 4
415 1
3263 2
19337 1
21349 2
3597 1
22975 3
21587 2
15958 1
4750 4
3641 1
14051 1
8792 3
4430 2
10111 5
10759 2
5736 1
9558 3
9024 2
9850 1
699 1
23851 1
18982 2
8403 2
5788 1
24243 1
21057 1
23935 1
2007 1
4045 8
15659 1
13727 2
2884 1
3373 3
541 2
6492 2
22427 4
9251 1
795 1
21782 1
7826 1
9508 3
14655 2
6608 4
535 2
9837 1
19741 3
22990 1
8143 2
2113 1
19242 1
9121 3
18008 1
24249 5
9097 1
23136 1
7758 1
14127 1
9318 3
23127 1
16358 3
10309 1
19905 1
7871 1
15304 1
21261 3
17370 1
17628 4
4927 1
2096 1
8402 1
19811 1
7033 1
21043 1
13280 1
13923 1
2703 1
23416 2
1232 1
7741 1
6992 1
11700 1
7359 2
7630 1
23421 2
19669 4
10286 1
22148 3
10123 3
17811 1
1929 1
20433 1
3821 1
6972 3
10357 4
15678 1
4761 1
8657 1
24471 1
6132 2
4920 1
5741 1
10292 2
8992 1
4162 3
13269 1
21969 1
1449 1
3517 5
2498 2
16294 4
6528 3
17954 2
2422 4
20544 1
7706 1
2157 1
3347 2
528 1
12522 1
22467 1
1440 1
15312 4
15664 1
20538 1
21846 1
19798 1
15360 2
8215 2
483 5
24256 1
2706 1
2136 1
9118 3
22221 1
12936 3
7632 1
16383 1
4990 2
3917 1
5037 1
19287 2
1530702 2
554 6
8389 1
19899 3
23402 1
2707 2
20218 4
5760 1
4730 1
5309 4
18597 1
3915 1
15864 1
9042 2
5362 1
3887 1
6564 3
21284 1
17337 5
5443 1
23718 2
10756 3
12614 1
1257 1
18590 1
7008 2
11473 1
23272 1
9733 3
24123 1
12665 1
5465 5
1252 2
17942 2
1825 2
12940 1
3151 2
13095 1
8818 1
23579 2
6064 1
3326 1
22064 1
5882 2
4922 2
16399 1
11207 1
14852 1
9457 2
3191 1
16883 1
14415 3
11216 1
9656 5
321 1
6866 4
23842 1
23771 1
2355 8
11896 1
11228 1
20683 1
21172 2
15343 1
3864 1
6704 1
23950 1
21272 1
15301 1
8817 1
4394 1
241 1
4589 1
6263 3
2120 1
13262 4
14701 2
5773 1
22259 1
7711 3
22787 2
10251 1
19574 1
23570 1
19249 1
9040 3
8218 2
21979 1
7337 1
17951 1
12844 1
19425 1
7199 4
9809 2
4762 4
861 2
11918 2
14052 1
706 2
20489 1
9087 1
243 1
11593 2
2499 1
24426 4
18580 2
13866 5
10109 1
23536 1
10362 2
8203 2
3039 2
4729 1
18238 1
13478 1
14627 1
17330 1
6093 2
10556 1
186 1
7198 7
3460 5
8904 1
20401 1
14324 1
8148 3
3639 1
9860 5
9249 2
2907 1
16352 2
22668 2
7674 1
13427 1
657 1
22488 2
15018 1
24201 1
23258 1
14703 1
19125 1
20009 1
16313 3
19659 4
1348 1
16043 1
5980 3
21984 1
7301 3
23785 1
5673 2
14241 2
23487 1
20718 1
11606 1
16014 1
15821 3
19240 5
12930 1
5668 1
22218 2
16168 2
23239 1
6500 2
7750 3
1995 2
910 2
20837 1
8814 4
24575 1
24040 1
22152 5
23504 2
12207 2
4247 3
19658 5
8656 1
665 2
12794 1
9863 2
20198 6
3346 1
19495 2
8388 1
8736 1
19699 1
15819 1
9651598 1
19852 1
7316 1
8330 1
20136 1
24030 3
8630 2
10222 1
12111 1
19015 1
15400 1
13154 1
24193 1
15661 1
13103 1
9730 1
19869 1
6810 1
15484 5
22870 5
2806 1
20996 1
13896 5
22924 3
24267 1
3523 1
2465 1
18226 1
23138 1
14323 1
5449 2
8310705 1
18605 3
22439 1
23191 2
14597 1
15317 1
13028 1
19181 1
20031 1
10358 1
4080 3
11178 1
22440 2
173 4
7039 1
2105 3
17483 3
4747 1
17893 2
18642 1
21918 2
3604 3
23521 2
6501 2
24141 1
14124 2
11828 1
6085 1
7186 6
7818 1
4558 1
8885 2
10884 1
20459 1
6326 5
7221 2
15331 1
15583 3
6964 1
4822 1
595 2
19400 1
6679 1
22997 1
4601 1
4064 1
13782 1
22484 2
21913 1
24319 2
5955 1
4860 1
8641 1
16974 1
4531 6
8008 1
20512 1
8131 1
21694 1
19868 1
901 1
10782 1
7283 1
8462 2
19721 1
19405 1
19184 2
24039 1
12627 1
16109 2
20958 1
19265 1
15497 2
21626 1
8481 1
12691 1
5855 4
4137 1
17665 1
1458 1
15775 1
8446 1
17974 2
17114 3
13076 2
14917 1
6551 1
19151 1
14054 1
13115 1
20404 1
18736 1
15845 1
11934 1
7091 1
17069 1
1502 1
23606 1
5948 1
13946 1
7895 9
16855 1
16025 2
15924 1
20862 1
23148 1
5031 1
24395 1
7412 2
9699 1
2850 1
9714 3
2908 1
5945 1
5969 2
7064 3
4991 1
18600 1
7065 8
11484 1
20562 1
14143 1
8698 4
22285 1
8001 3
9701 1
22781 1
7815 1
9002 3
5857 2
4764 1
18880 2
8151 1
761 1
10638 1
20652 1
13165 2
19124 2
6004 1
6187 2
879 1
22158 1
12416 2
17222 2
7223 1
1046 1
869 1
10783 2
24186 1
15652 1
15094 1
4931 1
2392 1
21305 1
4078 4
10430 1
5763 1
19510 1
6320 2
8197 1
19791 2
19793 1
13715 3
10108 2
6826 1
20429 1
8361 2
587 3
3200 1
23410 1
6317 1
17415 4
5879 1
589 2
2733 2
19152 1
11165 2
24254 1
80 1
5994 2
12990 4
8113 3
24394 2
12061 4
1236 1
3678 3
14133 1
23523 4
10742 1
8958 2
20767 1
9833 1
6069 5
21316 1
24023 2
23541 1
15381 1
23128 1
24091 3
19884 6
1722 1
22212 1
15654 1
13070 1
8985 1
9365 1
18412 1
14864 3
23514 5
16004 1
19019 3
7442 1
15163 1
23744 2
14869 1
19688 6
21331 1
16302 1
15518 1
6142 2
17115 1
935 2
10562 1
7759 1
3648 1
11198 1
13352 1
12851 4
13215 1
4349 2
1702 1
20659 1
8996 3
10642 1
5414 2
8638 1
11806 1
15724 3
13155 1
6129 1
18820 1
22275 2
3006 3
15313 4
5435 1
5553 11
3914 1
22630 1
23764 1
24613 1
1197 1
5744 2
20706 2
4166 1
19684 5
2814 1
3643 1
14370 1
5137 2
7145 1
3201 1
17449 2
23261 1
2143 2
12181 2
22173 1
22944 1
8180 1
58 1
12102 1
15774 1
5791 1
10212 1
13272 1
2727 1
12282 2
2847 3
2487 1
16134 1
3644 1
13142 2
15397 2
3013 1
329 1
19156 1
10304 1
10250 1
3362 3
11960 1
9523 1
375 1
6044 1
21827 1
15287 2
10107 3
23358 1
15106 4
15308 2
20464 2
5142 2
2077 1
13166 2
6490 3
4169 2
5877 1
1911 1
10789 4
2310 1
17339 5
8695 5
13789 1
1328 1
352 5
16087 1
14475 1
14696 1
6959 1
13933 1
13828 3
17227 2
783 3
20791 2
12169 1
23998 2
5762 1
20681 3
3259 2
7994 1
2311 1
18596 2
21417 1
16985 1
1492 1
5731 1
6041 1
7744 3
16238 3
188 9
7843 1
8783 2
23906 1
8642 3
19702 3
2552 5
17805 1
16743 2
17679 1
20859 6
12929 4
9364 1
8781 2
19911 1
23455 1
17451 2
1464 1
24498 2
11495 1
10130 1
6709 5
24134 2
1835 1
12786 4
12451 3
6779 1
16248 2
15363 3
6970 3
23914 5
23895 1
9428 2
7846 2
10178 3
19127 1
7117 4
17934 2
19690 6
9843 1
22442 1
21073 1
23225 3
7992 1
13071 1
2502 1
21178 2
6099 1
16394 1
23661 1
24390 1
19441 1
5418 2
20454 4
6502 1
24506 1
11177 2
19666 2
4426 6
13018 2
1489 1
12931 6
6702 4
13862 2
21521 1
4597 2
8347 3
9256 1
711 1
10235 2
4620 1
19898 2
22429 4
20462 2
20007 1
15975 2
11279 1
1623 3
23425 1
10454 1
22015 1
21036 1
12938 4
3198 4
23211 1
19552 1
5138 1
19496 1
18598 2
3928 3
2957 1
19039 1
17116 1
21336 1
24055 4
10277 2
288 1
4320 2
13084 1
5761 2
16196 1
9062 1
20715 3
6540 1
3199 1
15171 1
713 5
16056 1
11937 1
19063 1
3871 1
4925 4
15387 2
558 2
11159 1
8333 1
14568 1
24268 1
8217 5
18133 1
10257 1
7045 1
23526 1
18647 3
23265 3
16692 1
12820 3
17025 1
15348 1
17965 1
7354 1
4557 2
18645 5
16397 2
4370 2
763 1
23464 1
8190 1
11317 1
7927 2
19657 5
7864 2
12856 1
19180 1
14193 1
5566 5
19709 3
17465 1
20293 2
2264 3
22041 1
5242 1
10106 1
9712 2
4939 5
18575 1
7753 2
22348 1
21058 1
23733 1
2846 1
11206 1
933 2
10297 2
11077 1
19344 1
3261 4
10323 4
5802 5
8556 1
3017 3
15643 1
13159 2
15662 4
11357 1
22968 1
4938 1
18237 1
1753 1
23982 3
9741 1
12274 3
12183 1
17971 1
6339 1
13097 1
2566 5
8119 2
3197 1
21070 2
15878 2
8990 3
16148 5
1358 1
14002 2
8216 2
4047 2
22518 1
5092 1
24115 3
11845 1
13541 1
9689 2
13880 2
20717 4
17397 2
17626 3
18056 1
19885 1
5461 1
21409 1
23731 2
17632 2
23193 1
7021 1
4348 5
13938 3
3166 3
2993 5
21350 1
18394 1
2572 3
12094 4
2691 2
14053 1
10064 4
10637 1
9771 2
20227 6
8921615 1
17072 1
20466 1
2248 1
10231 1
9645 1
16203 5
19595 5
3012 1
7740 5
3010 1
3896 1
885 1
18021 5
16945 1
14177 2
4374 1
10744 1
3028 1
4109 1
7032 4
6000 3
14236 1
14077 2
16020 1
6648 3
15015 1
8385 1
3938 3
8624 1
19786 2
13867 1
8147 3
4460 1
11370 1
14668 1
11497 1
15624 1
3455 4
22880 4
19137 1
23532 1
10034 1
9785 1
5120 1
17821 1
5991 4
13764 1
491 1
3122 1
17410 2
476 1
13805 1
5363 13
24183 1
12926 1
7047 2
6384 2
21177 3
6627 1
2303 3
16233 1
3269 5
7178 6
24195 4
20453 3
23988 1
24057 1
1258 3
393 1
17423 1
2305 9
11710 2
22726 2
8202 1
7030 1
13208 1
17510 3
15626 2
17374 6
7356 5
14130 2
21198 1
4705 1
21335 1
19995 1
3374 3
19145 3
4677 1
10120 1
24181 3
5300 5
9706 1
21769 1
11617 1
19896 3
11298 1
5448 1
10117 1
23595 2
21452 2
14023 1
23660 2
22161 1
7866 4
8210 5
16204 4
23641 2
18635 3
896 5
20625 1
9729 1
1714 1
7847 1
22917 3
7863 2
22627 1
13796 2
13035 1
6330 1
14671 4
17922 2
16330 1
16140 3
7844 1
21122 5
19459 1
10269 2
17828 1
4993 1
13562 1
14853 1
3854 3
13064 1
19390 1
11277 1
7349 2
6524 2
2121 2
21264 5
14354 1
4722 3
5554 3
6665 1
5259 1
13007 2
14985 2
10902 1
5888 4
12306 1
23765 1
7451 1
22671 1
18603 1
20728 1
16735 1
21609 1
18204 1
11179 2
19816 1
23787 1
20811 3
19341 1
24293 1
6341 3
12705 1
22211 1
11822 1
13829 1
19492 1
6135 2
2081 2
16142 2
19848 1
8247 1
19264 1
9773 1
22447 1
12170 1
6961 1
12221 1
2995 1
11962 1
20525 3
3685 1
8319 1
23605 1
17501 1
21675 2
9750 1
11223 1
23546 1
9719 3
17094 1
11931 1
23934 1
8106 1
10915 2
7937 1
8386 1
16143 4
20856 1
11356 2
15866 3
20229 5
22978 5
16216 1
3470 1
17894 1
20830 1
6719 4
3650 1
17904 1
20532 1
4437 2
8160 5
3880 1
20789 1
1725 3
8122 1
18332 1
6658 1
12862 2
21781 2
18980 1
4098 1
2242 6
23815 1
16113 1
6359 1
19991 1
6108 1
4770 1
8780 1
17358 1
7060 2
3009 1
8921298 1
23537 1
10708 6
4206 6
7298 1
7977 4
19233 4
20054 1
22229 2
23005 1
17763 1
11379 1
14082 3
14695 1
6119 4
792 1
5225 1
18028 1
2818 2
3312 2
13081 5
19762 2
18583 1
8499 4
8014 1
4754 1
22217 1
9066 3
941 3
8185 1
11849 3
22276 3
18602 2
12957 1
5010 6
13273 1
4401 4
13798 1
22678 1
7071 2
2477 1
10254 1
1728 2
2462 1
3175 1
4277 1
21687 1
19901 1
14704 1
20609 1
14028 1
12707 1
16299 10
22405 1
8702 1
16086 1
10722 1
3193 4
10741 1
20729 1
7968 1
5854 2
19440 1
1850 1
8149 2
11590 1
18582 3
8843 7
5096 5
20998 1
23806 1
2149 1
24071 1
21549 1
11290 2
12867 2
7880 2
2293 3
2878 2
20651 1
5432 2
15054 1
13024 1
23947 1
14414 1
26267 1
19338 1
15736 1
22977 4
8983 1
16138 1
17881 2
17462 2
10225 1
24258 1
4854 1
21514 1
14183 5
24184 2
2050 5
17940 1
18734 3
15993 2
9794 1
19842 3
5265 1
598 1
13996 2
4500 2
694 1
4318 4
18418 1
23398 1
15142 2
7341 4
15922 1
22921 2
24477 1
7011 1
3305 1
22725 2
8691 1
9090 1
7762 4
18620 3
1501 1
20957 1
17500 1
876 1
20700 2
17216 2
8183 1
9174 1
2990 1
23347 2
23233 5
13793 2
8566 2
11110 1
24178 2
5004 4
563 1
3258 3
4321 3
10639 1
2456 2
10003 1
14623 1
11915 2
14514 1
7605 1
21448 2
8491 1
19853 1
18030 1
20553 1
1469 1
7437 5
12727 1
6186 1
19258 1
2815 1
12724 1
8960 4
13768 2
21118 1
22495 1
15921 2
3154 7
18411 1
18543 1
14503 2
22166 1
19578 1
14879 2
21506 1
7106 3
23724 1
22445 1
8199 3
14029 1
9549 1
4329 2
11791 1
21202 1
11841 1
11289 2
14690 3
10491 1
13364 1
24559 1
11682 1
5748 1
11307 1
20688 1
22670 1
19431 1
3652 1
18632 3
22846 2
677 1
7210 1
9581 1
19218 1
7056 2
11342 2
13823 2
10240 1
11604 4
8211 1
8974 9
2704 1
10500 1
6072 1
11280 1
23411 1
760 1
7446 2
5723 10
10119 3
15314 1
4442 1
11785 1
12781 1
17498 3
13141 2
7074 2
11702 1
5013 7
19817 1
4619 1
666 1
15640 2
22952 1
4355 2
2294 4
24474 1
16978 1
8800 5
8815 2
21861 1
13868 1
1235 1
21414 4
7671 1
2312 3
13050 2
7368 1
16354 2
683 1
12869 1
17815 1
3942 2
13607 1
419 5
16175 6
24445 1
9765 1
9188 1
15979 4
19710 1
24074 2
9505 5
1497 1
15398 3
14249 1
5540 5
9128 2
15953 1
15028 2
19245 2
16002 1
17878 4
7096 1
15490 2
11214 1
6979 2
14003 1
15617 1
15115 3
20650 1
19763 3
11923 2
16085 1
9094 1
716 1
19814 1
17064 1
20522 1
4331 1
24440 1
3369 1
18981 2
5974 11
6190 2
16819 1
7581 1
24521 2
5377 1
11925 3
12913 3
20502 5
10070 1
15648 2
1698 1
17961 2
11345 1
14986 1
19260 1
23144 1
14872 3
11599 1
19731 1
11567 2
12939 5
10786 2
22147 4
23401 1
11922 2
5416 2
7669 2
17389 2
3661 4
1932 1
23505 6
9709 1
5983 1
700 1
12937 1
15925 1
21907 1
9522 1
15976 1
19266 5
19414 1
23451 1
1491 2
3903 1
23169 1
4317 2
9611 4
2388 2
4512 1
4230 1
14021 3
9762 1
17077 1
14026 1
8602 7
21294 1
5674 1
9696 1
2825 3
13088 3
18746 1
6075 1
9548 1
18740 1
14694 1
6333 3
22738 2
12344 1
5283 1
19133 2
4992 1
10743 1
13133 5
9499 5
19193 2
13827 1
7859 2
15987 1
5434 2
20402 1
26161 1
12212 2
24472 2
20646 2
11189 1
15053 1
17246 1
1697 1
2675 1
11543 1
192 1
21199 3
22676 4
10780 2
8194 2
23587 1
720 3
3256 3
14366 3
13021 1
17966 1
7217 1
19689 8
24114 2
2283 3
4876 2
22949 2
22381 2
2848 1
1461 1
23730 1
12782 2
17494 1
14186 5
9607 16
21569 2
2879 1
20714 1
6087 1
494 1
11674 2
2906 1
20457 1
20662 1
11697 2
22672 4
11752 1
15167 1
5672 2
2351 1
12032 1
394 3
1710 1
6561 2
16285 1
4723 1
4102 1
7351 5
12783 3
15329 1
11530 1
1989 2
17914 1
13708 1
13027 1
2656 1
16304 2
13023 1
17777 1
19140 1
5984 1
19837 1
16952 1
20627 1
10230 1
668 3
17745 1
9686 5
12189 1
7135 1
7924 1
14197 1
361 2
5776 1
8995 5
4787 2
4541 1
4414 3
10239 1
6706 5
7943 4
2834 2
23953 1
24056 5
13046 1
22879 2
6793 5
15354 3
5586 1
11184 1
13797 1
1443 1
24189 2
7752 1
13807 1
18184 1
10156 1
7022 1
6052 1
19906 5
8127 3
9100 1
10284 1
7312 1
21039 1
14859 1
7287 3
2151 1
20067 1
13483 1
5682 1
9675 1
8673 2
15478 2
20251 1
14056 5
9770 1
11612 1
6088 2
19024 1
8619 1
7869 1
16084 1
12720 1
22215 1
12217 1
22390 1
2148 1
17332 4
23547 1
21852 1
13092 2
21555 1
2117 1
12167 2
13316 1
15345 2
4113 3
13109 1
8178 1
15646 1
17876 2
14702 1
3165 1
14880 1
20534 3
19361 1
3894 1
5408 1
8353 2
24524 1
4624 1
7088 2
21300 2
22994 2
16581 3
6772 3
7879 1
24282 2
21314 1
3364 3
12804 3
8678 2
586 3
22432 1
5953 1
25598 1
3937 1
17373 1
16052 1
19143 3
14049 4
20905 1
9796 3
8613 5
9845 5
4614 1
20530 1
768 1
3670 1
11170 3
338 3
13899 1
23812 1
23481 1
22006 2
6664 1
22084 2
22505 2
19343 1
4304 1
16400 1
12688 1
11982 3
21030 2
4861 1
19865 2
19321 1
3868 2
21524 1
4067 1
11093 1
18431 1
17927 1
21277 1
2634 2
15176 1
23959 1
17751 1
376 2
7345 1
11851 5
8177 4
21904 1
17086 1
3548 1
2000 3
9230 3
16385 2
15847 1
5447 6
22666 1
15482 1
9011 2
4053 1
5564 1
10615 1
17482 1
9687 1
19052 1
1256 1
18420 2
11483 1
6678 1
15597 3
7764 1
8919819 1
23288 1
17900 1
495 2
9206 1
9831 1
20155 2
6206 1
12653 10
14856 1
7624 2
7681 2
23923 1
7896 7
1061 1
7038 1
5034 1
2553 2
4314 3
9575 2
1204 1
5153 4
2290 2
14015 10
23955 1
11140 1
7796 2
17356 1
741 1
24088 1
22604 2
23940 1
16018 1
16189 1
8004 1
6148 1
17448 1
800 3
20407 1
2559 5
23400 1
12432 1
8634 1
19757 1
416 1
15918 3
14640 3
24111 1
13293 1
3375 1
14387 1
757 1
7703 1
811 1
12137 1
4919 1
3235 1
12029 1
13486 1
553 1
3551 8
13985 1
22502 1
14022 3
19413 1
18988 1
7819 1
884 1
21601 1
17464 1
7262 2
21982 1
8931 1
15166 2
4285 2
11770 2
13871 1
2679 8
21306 1
10054 2
15968 2
2358 7
8492 1
8920 1
5677 4
17924 5
13250 4
22443 5
15547 3
2859 2
16165 1
15820 2
6104 1
6271 2
695 2
18807 1
181 3
1478 2
21113 1
22598 1
18430 1
8336 1
8139 1
24800 1
3247 1
19253 1
18650 2
347 1
16118 1
21200 1
23405 1
4372 2
5679 1
911 2
1194 1
16444 1
14676 1
12182 1
2002 8
82 1
10513 2
8116 1
11837 4
15647 2
24570 1
11531 1
12793 1
16322 1
19543 1
20845 1
18640 3
11627 1
20670 1
10288 3
20927 1
14137 1
23133 2
23137 1
4878 2
23697 1
12457 1
2473 3
11966 2
9465 1
9173 1
5430 2
19158 2
21553 1
8919290 1
6554 3
9133 2
4857 1
7041 4
3588 1
2449 1
12158 5
12542 1
9764 1
2483 4
20471 1
16001 1
8136 1
2717 1
17490 5
17910 2
8605 4
9859 1
875 1
23412 1
20666 1
17080 2
9697 5
15388 1
7672 1
20792 2
14564 1
8662 2
7440 3
16320 5
406 1
19725 3
23107 1
4448 2
23134 1
7839 1
5007 1
15631 2
13477 4
18234 2
14919 1
5636 5
23228 1
16200 1
14155664 1
12567 1
4498 2
7670 1
5109 3
4492 1
18987 2
23589 1
20654 1
1724 2
3787 2
7830 1
20877 1
15651 1
7652 1
23429 2
15779 1
23287 1
9079 1
2856 5
11377 1
2231 1
4403 1
3531 1
15113 1
7009 1
23729 1
22536 1
21908 1
1199 3
1908 1
2354 6
6334 1
9259 1
14866 1
6655 1
365 1
15149 1
4553 2
23266 5
4395 1
14195 1
19887 5
17800 2
242 1
17106 4
877 2
6499 7
9786 1
15641 1
24025 1
22844 1
16687 1
17366 1
8369 1
5975 8
9269 1
8457 1
7013 1
2998 3
17481 1
22664 1
18047 2
24070 1
5058 1
2243 12
17968 2
17637 1
15393 2
20649 1
4241 1
22984 8
20731 1
1942 7
4420 2
9789 1
11283 1
8611 4
12870 1
23582 1
14473 1
21906 1
11890 1
474 2
3255 3
19541 1
534 2
17958 1
9717 2
17913 2
23397 1
22673 1
16335 1
21060 1
3696 2
8447 3
3507 1
1485 1
15961 6
14007 4
15395 2
21774 1
2570 5
16010 1
8586 1
14254 1
16162 1
18137 1
13065 2
189 1
5395 5
13973 2
17808 1
8838 1
2249 12
7370 2
14644 1
2145 2
19895 1
6534 2
6676 1
16163 1
24485 3
10903 1
195 1
4794 1
9511 1
8201 1
21345 2
21016 1
18185 1
5906 3
893 2
15605 1
12652 1
15983 1
22225 1
7811 2
9836 1
16498 1
14878 1
24614 2
5017 4
13009 2
24299 1
2712 3
1255 1
19908 1
8976 4
16044 1
6722 2
3344 1
21541 3
15407 1
11320 1
9683 2
15020 1
17962 1
8175 4
9513 1
4107 1
19148 1
23466 1
7807 2
3101 2
9217 4
9113 3
12187 1
4133 1
10591 2
10232 2
7651 1
18587 4
18025 1
13948 1
8464 1
8363 1
6105 1
3884 1
6322 2
16180 1
7381 1
6100 1
11681 2
11699 1
22963 5
23767 1
2292 3
3895 1
228 1
3870 1
6051 2
8692 2
10218 1
24046 1
11167 2
11836 2
22675 2
14897 2
4104 3
19255 2
6374 1
14535 2
2868 2
2905 1
4254 2
4072 4
7910 1
23477 4
7308 5
20813 8
14070 2
373 2
3242 1
17472 2
22941 5
10751 1
2459 3
403 4
2982 1
11382 1
18130 1
22227 1
6993 1
1822 2
23445 2
13836 1
3015 3
15492 2
7083 1
15644 1
8918479 1
22839 3
13031 2
19754 2
6848 2
6048 1
21108 1
2734 8
22219 1
19790 1
19493 1
13331 3
7019 1
3549 1
22257 1
2304 1
11322 2
15095 1
11561 2
17476 2
4611 1
6109 1
16900 2
24597 1
19893 1
22280 2
5908 1
6963 2
13251 2
6188 1
3019 2
23603 1
22684 1
18594 1
1240 4
4234 1
5801 1
3456 2
11233 1
15384 1
1472 8
11900 1
16147 2
16527 1
19122 1
4259 1
7833 1
2254 1
23567 2
6337 1
11803 1
7919 1
11229 1
22223 1
12367 5
3930 1
2437 1
20843 1
7023 1
10614 1
428 1
23142 2
20011 1
19504 1
15043 2
11709 2
14024 2
9207 1
22423 2
86 1
350 5
23468 1
6705 3
7020 1
9781 1
7048 3
1551 2
22220 1
16081 2
8910 3
515 1
4411 1
6842 3
24436 2
18593 3
2153 2
7225 1
6260 1
16098 1
17771 6
9593 1
888 1
15982 1
10121 2
6708 1
3859 1
10220 1
6212 1
237 1
7754 1
12214 1
8517 9
17013 1
8664 1
22843 1
11168 1
13256 1
20801 1
17120 2
10610 2
7254 1
18426 2
6617 1
15383 2
6538 6
9808 1
16537 4
3923 2
21977 1
3516 1
4771 1
14365 2
22974 4
9285 1
21715 1
20988 1
14672 3
17333 5
1555 1
4132 1
23907 1
3132 1
3730 1
20633 1
3653 1
4136 2
8380 2
20744 2
6136 3
15311 5
10227 4
14349 2
8279 2
4325 3
1931 1
13271 2
4615 2
5959 1
15956 1
19950 3
1539 1
11716 1
4384 2
17113 1
15863 3
9578 1
7877 1
19673 2
18606 1
10210 4
18417 1
6123 2
23002 5
24522 1
12044 2
15596 1
23761 1
7132 3
9806 1
20380 1
19700 1
23999 1
21012 1
20707 2
17343 2
7660 1
19016 3
11935 1
21071 1
3077 1
19825 1
6315 1
20324 1
23952 1
15588 1
125 1
15991 1
19674 5
8187 1
24577 3
12831 5
21993 1
24427 5
24050 1
18024 4
5900 5
23467 1
13937 6
4255 2
20014 2
4583 1
1465 1
23392 1
14036 1
19147 1
21069 3
10301 5
16193 1
6425 1
7912 1
1168 1
5147 1
14184 1
18187 2
3368 2
5884 1
19904 2
22008 1
20624 1
12611 1
15971 1
17868 1
4269 1
4595 1
20820 3
10901 1
4417 3
17908 1
11344 1
21297 1
6055 2
21633 3
5491 2
4335 7
11701 2
14860 1
11751 1
23945 1
9146 1
2296 1
22003 1
5872 2
1350 1
658 1
5982 1
23853 2
4518 1
16973 1
12215 1
23255 2
17395 1
17895 1
22450 2
10082 3
1493 1
20425 1
15108 5
4341 3
3315 5
9050 3
8822 1
671 1
14301 1
20781 1
8922 1
23757 1
14020 1
23004 1
9949 1
7043 1
6409 3
22024 1
19444 1
94 1
4605 1
22171 1
22537 1
4291 2
5002 1
477 1
6002 1
10113 1
16008 1
16529 1
4622 1
21121 1
19256 1
3836 1
8123 1
7130 4
15656 1
4756 1
7250 1
10214 2
6690 3
17519 3
4432 1
5216 4
20976 2
18626 5
894 1
5365 1
20477 1
8000 1
24182 6
19851 1
24136 2
21455 1
23954 2
769 2
1685 2
4069 1
23856 1
14134 1
486 3
16164 2
18648 7
4555 1
15628 1
4088 4
4697 1
5412 1
594 1
9755 3
19886 1
23483 1
13861 2
7930 1
2300 3
22157 2
17630 1
9778 1
7748 6
21513 1
8615 1
574 1
15117 2
7014 1
2855 1
11936 3
18883 1
6493 10
897 1
17283 2
9688 1
20004 8
23423 1
21278 1
11095 1
17354 5
20966 2
2441 1
11506 2
10174 1
6102 1
17466 1
24112 1
8268 3
8399 2
7763 1
1084 2
19138 1
23981 3
21679 2
7601 1
17447 10
24090 2
24439 3
5135 1
8807 4
1996 2
14242 1
6053 5
13538 1
3246 1
9708 1
19050 3
13110 6
16177 1
1463 1
20255 1
20705 1
16706 1
5003 1
12609 1
2443 1
7248 3
24047 1
4551 1
4052 2
10324 3
3465 8
14298 1
12460 9
7884 7
16223 1
8352 1
20209 1
20254 1
1552 2
7156 3
10342 1
24083 7
11199 1
3671 1
9830 2
676 4
405 1
3858 1
3645 1
12690 1
23734 1
7087 2
484 1
8181 1
23766 1
16355 1
2237 2
24417 5
13921 1
10754 1
1512 1
12827 3
7714 5
17541 2
20752 1
19252 1
22961 1
15347 3
17822 1
490 1
10035 1
8813 1
8777 1
724 1
787 1
7371 1
9116 1
10503 1
17453 1
3844 4
3913 1
16887 1
2422445 1
7608 2
22946 1
22449 3
23242 1
17430 1
17911 3
10271 2
8248 1
17342 6
16539 3
22156 2
8485 1
6703 5
21672 1
13348 1
1871 1
23985 1
23404 1
13802 1
6090 1
18723 1
16247 2
9728 1
15489 2
8975 1
16106 1
14625 1
16029 4
23544 2
185 1
6507 1
21915 2
182 2
23391 1
4788 2
24943 1
23126 1
13385 1
23145 3
6193 1
8715 1
7883 1
9227 3
10888 1
4077 3
10904 1
13127 2
6968 1
15980 1
9855 3
2729 1
12148 4
19374 1
548 1
6139 1
6057 3
18196 2
11108 1
12729 1
410 1
6431 3
9609 4
11208 1
15524 1
2716 1
11988 1
20798 3
11816 1
2123 1
11217 1
5687 1
23027 1
11205 1
20995 1
939 18
13089 3
10238 1
13888 5
17975 1
14315 1
6081 1
3841 5
10778 1
5889 2
24391 1
10758 2
1229 1
20221 5
4373 1
480 4
13337 1
2475 2
17281 1
15521 1
14608 1
15349 2
3106 3
13314 3
12723 3
9779 1
7136 2
20397 1
7798 1
22490 3
13900 2
8663 1
3147 2
13876 4
289 1
19664 2
14141 1
23318 1
12232 1
13496 1
9515 1
23414 1
20224 2
6338 2
673 3
23491 2
9761 1
692 2
18386 1
10746 1
16757 2
6107 2
13993 1
12865 1
2155 7
4701 2
2056 1
1941 3
3945 1
3656 1
1747 1
3649 1
15295 4
9416 1
5869 1
23612 1
24424 4
21498 1
2315 2
16103 1
947 1
18815 2
7929 1
6078 1
14385 1
2981 4
8390 1
20524 1
15040 1
1208 1
23726 1
15098 2
8999 1
1110 1
1977 4
2452 2
4071 2
7080 1
22683 1
7265 2
1455 1
5396 2
5014 2
17473 8
22953 1
7303 1
6144 5
16213 1
23552 1
8989 1
21274 1
17429 1
22074 4
23841 2
19482 1
13803 1
21227 1
15319 1
23758 1
3137 2
175 9
8559 2
20941 1
17341 5
6101 5
17823 1
9698 1
22955 2
4310 2
13882 2
7131 1
7925 1
17817 3
12689 1
5322 1
10721 1
16647 1
9528 1
20015 1
6413 1
21351 2
23652 1
4116 3
1719 1
7271 1
4538 1
20523 1
6329 1
7587 1
14182 1
15576 2
17976 2
15665 1
6724 1
20353 1
24452 1
14140 1
22475 1
6526 1
18842 1
3233 1
3919 1
17956 1
18742 1
1926 1
9612 2
3177 2
23032 1
21103 4
11933 1
12341 5
17950 1
3532 1
3146 2
22493 1
11225 1
20212 2
14921 1
2732 1
17405 2
1460 1
20535 1
22733 3
3463 1
14714 1
7696 3
7026 2
21334 2
3133 2
4786 1
14362 2
11992 1
15496 2
10089 1
5172 1
17932 1
9988 1
7310 1
13254 1
21671 2
8991 3
24082 4
5281 1
5555 1
23508 1
24435 1
23254 1
23489 2
6255 1
7044 3
2466 2
19034 3
9603 1
22962 2
3018 2
15505 1
2308 4
8677 1
11830 3
9080 1
6657 6
4408 2
4921 4
3667 1
12062 4
5459 6
14185 2
177 1
21250 1
4736 1
6726 2
24422 5
7057 8
19794 1
539 2
6812 5
13838 2
12391 3
6683 11
500 1
8124 1
8805 2
16111 2
9790 1
5415 1
12910 1
21110 1
13832 1
23388 1
11831 5
5988 4
2724 1
12443 5
5342 2
10236 1
1241 3
11820 1
816 1
3468 2
17243 1
8159 1
3536 1
9088 2
13760 1
19735 2
17427 3
22168 1
16911 1
11708 4
7362 3
10621 1
6521 1
3188 2
1029 2
23130 1
6245 1
20844 1
7175 1
12302 1
15607 7
8655 5
13718 1
2714 1
6741 2
11712 1
8946 2
17752 2
15350 2
9952 1
12036 3
5440 1
15356 3
1117 1
8331 1
20800 1
2464 1
5279 4
7797 1
10912 1
1216 1
801 1
10768 2
5403 3
5326 1
10588 1
10725 1
17818 1
6324 2
13130 1
9959 1
4044 2
15855 1
15974 2
18579 3
1997 1
6662 1
15315 1
1028 6
22426 2
1448 3
6677 3
343 1
10511 1
19322 5
23442 1
6249 1
10103 1
733 1
10260 1
17670 5
878 1
10734 1
20796 3
11350 5
23146 1
21173 1
16114 1
22435 2
7595 1
8788 1
5759 2
4918 1
6404 1
13958 2
21205 3
17393 1
15498 4
18023 1
12296 9
7907 1
15396 2
9540 1
18400 3
5250 1
3230 1
9478 1
17636 1
1823 3
4803 1
9744 3
19362 1
13815 3
8667 1
7052 3
11318 1
23453 1
7191 1
21445 1
680 1
23125 2
11981 2
19232 2
5767 2
18424 1
16318 1
10084 3
12883 1
4376 2
23848 1
14008 1
24978 1
4781 1
17933 1
18651 3
7129 2
16186 1
10008 1
7068 1
1253 1
10779 1
9101 3
16893 4
6007 1
1550 2
1164 2
20847 1
4569 3
11616 1
9388 1
17888 2
10421 3
6870 1
9787 1
9569 1
7355 1
21898 3
14507 1
3304 3
7149 2
5020 1
8474 1
3716 1
10125 4
15963 1
10253 1
16739 2
10696 1
7212 1
3869 2
10728 2
15892 1
10913 1
12784 1
23996 1
11222 2
9233 2
914 2
16059 1
20795 2
13840 3
2360 6
12028 1
3662 3
4074 2
4076 5
1629 2
22378 1
5253 1
23598 1
13067 2
742 1
18366 1
5602 1
22470 1
8971 1
11194 1
14072 2
22277 1
12866 1
11185 1
5323 1
11644 5
11596 2
18123 1
22159 2
11190 2
2234 4
17970 1
5324 1
9507 3
22510 1
3366 2
21222 1
23736 1
1456 1
15298 1
23279 4
2910 1
16984 2
5691 1
7338 5
1177 8
12106 1
16219 1
11425 2
5239 4
4866 2
15856 3
1452 1
12312 5
12861 1
24300 1
13300 1
16953 1
20802 3
11486 1
4311 3
382 9
9129 1
11844 2
12776 2
412 1
4433 2
4075 5
13919 1
766 1
7876 1
24584 6
12850 2
14388 1
3920 4
7794 2
8168 2
22970 3
2277 1
23572 1
19907 2
23920 4
7878 2
12047 3
15033 1
17909 1
14062 3
4435 1
10740 1
4683 1
789 2
8526 1
10249 2
16530 1
20465 1
697 1
6138 2
16919 1
4994 1
8626 1
21901 2
1339 1
14032 2
12722 4
7804 1
424 3
20253 1
24113 1
6272 1
5023 4
8668 5
22000 1
10278 1
22876 4
4612 1
327 2
16386 1
11287 2
10080 2
3552 1
17467 1
3544 3
4413 2
4073 5
3244 1
8988 2
21602 1
21960 2
18797 6
10796 1
23990 1
21999 2
4276 1
6785 1
11817 1
20294 1
18627 1
22752 1
17124 1
9610 3
8610 1
2455 1
12160 8
4261 6
24137 2
4412 2
7037 1
17351 2
24106 3
7372 1
23238 1
9752 2
13169 1
751 1
24573 3
15327 1
2484 1
3860 1
13054 2
13726 2
20216 1
8205 3
2055 2
17694 1
19697 1
11191 4
4635 1
12120 2
9694 1
18421 1
322 2
6846 1
18132 1
14355 2
5273 1
19136 1
14767 1
19461 1
20226 1
21992 1
4410 1
4818 5
8263 5
4753 3
1069 9
1228 2
8659 1
9306 2
8714 1
21004 3
9018 2
19696 6
20736 1
10910 1
3045 1
14095 1
24109 5
4447 2
13287 1
7206 1
10550 2
17746 3
21412 1
9316 1
6091 1
7273 3
7090 3
22954 1
16387 1
21126 4
6319 1
1696 1
473 1
9544 2
22241 2
7626 1
614 2
21503 1
10411 3
24944 1
12859 2
18425 1
22935 1
17905 3
19132 1
20485 1
9278 2
3383 1
13763 1
24269 3
6143 1
17372 2
14549 3
14248 1
8198 1
19407 1
1729 2
8836 1
1462 1
18727 2
10332 2
23123 5
8155 1
5282 2
889 1
21874 1
8179 1
21228 2
4718 1
773 1
7224 1
21779 1
5098 2
7231 5
7448 1
20561 1
18007 1
5792 1
7229 2
499 7
23323 2
23206 4
24595 1
6764 1
5876 1
9502 10
7209 5
24502 3
12708 2
4884 3
6691 3
7834 1
1727 4
4250 1
814 2
8381 1
2711490 2
3350 1
10702 16
1189 3
8789 1
17634 1
6539 1
12942 7
16161 1
14771 1
17361 3
7073 1
2150 2
22837 1
14533 1
19849 1
356 8
10727 1
881 2
5374 2
6496 2
11171 2
7196 1
20955 1
1721 4
3251 1
5859 3
8980 2
21420 1
11930 2
16709 1
7252 1
10302 5
7449 1
15721 2
17935 1
14363 1
20776 1
11950 2
10129 2
7208 6
2154 8
174 1
10211 3
19583 1
6074 1
17505 1
7378 1
571 1
4118 1
19053 3
24448 1
17009 1
21783 2
20623 1
15324 1
20428 1
24513 1
7799 3
12941 2
20709 4
12953 5
18615 1
21629 1
7658 1
15344 1
8978 5
10209 2
21302 1
20971 1
4792 2
16305 2
23461 1
4930 3
13129 1
13294 2
9292 1
6254 1
8734 1
19909 1
10769 1
22504 1
1113 3
698 1
20886 3
201 3
18472 2
20543 2
13210 1
15501 2
21761 2
16009 2
5577 3
8614 5
16334 1
9801 2
9542 1
18223 2
9231 2
11705 1
23946 4
4853 1
1490 1
3187 3
11824 1
580 5
14639 1
187 1
23231 1
6372 1
24501 1
9725 1
20827 3
3706 3
6541 1
4625 1
22841 2
14876 2
18013 1
8193 5
24051 1
6469 4
5254 1
16324 5
3912 1
17368 2
7143 2
20660 2
3458 1
4337 6
17485 1
323 1
7747 4
10670 1
3872 1
17067 1
7360 2
5897 1
15500 3
23223 1
4232 3
9753 2
17379 2
4924 1
5667 1
17948 5
17926 1
19813 1
4519 1
7339 1
24180 4
10363 1
8625 3
13290 1
19408 1
11889 2
8392 2
9573 1
10256 1
2457 1
3134 2
7665 1
369 1
9209 4
13831 1
19652 4
599 1
10688 1
9386 1
13119 4
16230 1
8340 1
6335 1
3219 1
22730 1
6483 1
19718 1
19246 1
9700 4
8502 6
17287 1
12789 1
509 4
7704 1
8129 1
20158 1
5269 1
4995 2
17573 1
10456 2
17941 2
17663 1
12602 2
9464 1
13911 1
4923 1
6766 1
5556 1
21625 1
11187 1
14920 1
17398 2
6977 1
14881 2
7024 1
13132 2
13104 2
20822 4
5765 1
22149 2
418 5
21529 2
10050 3
10215 1
2092 1
23393 1
19345 1
22852 1
12027 1
4171 1
10422 2
12914 1
20500 1
3257 6
7445 1
16013 1
2363 4
23717 2
7993 1
21346 1
24094 3
21191 1
4369 3
2289 7
5016 2
14628 1
770 1
6718 1
15351 1
6777 2
6194 1
21870 1
23742 3
21965 2
7650 1
15325 1
6370 1
8600 5
7618 2
21037 1
13845 1
5261 1
7755 3
8260 5
13074 1
4623 1
10176 1
9205 2
7886 1
5319 5
9685 2
2146 2
9081 1
9758 1
8994 1
10429 1
14705 3
24576 1
8133 1
17109 1
9740 2
11130 1
8786 2
5328 2
1116 1
8753 1
21196 1
10977 1
2284 5
2678 1
20769 1
15224 1
1023 6
22945 1
2708 3
24979 1
4613 1
2082 5
2302 3
15390 1
5251 2
16748 4
6066 1
20012 1
20943 1
2728 5
17076 1
20879 1
3381 3
7452 1
23251 1
18661 1
2474 1
5368 4
4780 1
383 1
15021 1
13158 1
17359 1
6488 2
23540 1
16353 2
684 1
21637 1
1990 1
10508 1
24418 1
19685 12
20639 1
11219 1
20501 2
5981 1
13536 2
13326 1
11174 5
12932 3
891 4
22996 3
5638 5
7746 2
22667 1
19259 2
11180 4
15554 1
7157 2
10748 1
24121 4
22209 1
6533 9
10285 2
22253 1
10558 1
11565 1
22226 1
18212 1
13332 1
3192 2
19693 1
5688 2
24255 1
21260 2
3386 1
24275 1
1812 1
19494 3
15801 2
9636 2
23840 1
17919 2
8669 1
20531 1
12172 1
8501 1
24574 1
14005 1
24290 3
14086 1
9550 1
6689 1
15023 2
15394 2
15051 1
11372 2
10344 1
22403 1
20965 1
7957 1
9257 5
22965 1
14531 1
10594 2
24187 1
13209 1
3550 1
7016 4
7174 3
12366 2
4418 2
7092 1
13716 3
12225 1
24381 1
6380 1
14357 3
9757 1
13285 2
4566 1
16303 1
13826 2
10128 4
22960 1
4323 2
24084 4
20608 2
19542 1
18577 1
10104 1
5598 1
13713 5
6523 3
18609 6
13006 2
17814 1
11690 2
7742 1
11811 1
10757 1
555 1
3029 2
20917 1
13613 2
10343 1
5769 1
12638 3
15488 2
12912 1
24482 4
20658 1
20809 2
10455 2
6208 1
20536 1
1233 5
22254 2
17369 3
18607 1
12049 5
1670 1
8699 1
18429 4
8176 1
14064 1
20010 1
4174 4
1704 1
23260 1
20952 1
307 2
12952 2
11694 1
10135 1
3934 1
23475 1
21275 1
12428 1
23140 2
23525 1
13255 1
7374 5
15386 2
10950 1
12171 1
1102 9
19520 3
12857 1
4521 1
22976 2
21262 3
23450 1
8498 3
8693 3
15055 2
13825 4
21072 1
3232 1
8984 1
22 1
2524 2
3021 1
15883 1
21010 1
17502 5
7230 2
1748 3
2476 3
6178 1
16363 2
4236 1
12778 1
10017 2
21976 1
5951 1
13049 3
5129 5
16236 1
10543 3
22959 1
15402 1
19765 1
23524 1
4444 2
7899 1
15165 1
3139 1
21863 1
16218 2
4434 1
18599 1
13811 1
9769 1
2997 3
23518 5
23390 2
5244 3
13063 1
11499 1
19346 1
21307 1
1217 1
23122 2
5285 2
21628 1
10338 1
23264 3
4593 2
1915 1
15310 6
19135 2
9237 1
9962 1
13890 2
7172 4
23241 2
8932 1
23780 5
8671 1
5558 5
5680 3
20663 1
14181 1
15477 1
18410 1
8359 1
23406 1
21107 1
20483 1
9713 1
2514 4
6960 1
1500 2
4499 1
8811 3
8274 1
16981 1
9625 1
4338 3
4767 1
4874 1
19149 3
12680 1
18613 2
10736 1
6408 3
9680 2
22284 1
23642 1
15629 1
18629 2
14325 1
11566 5
2497 3
17396 1
19804 2
10707 3
10279 5
17668 2
22210 1
9000 2
17906 3
6687 1
15068 1
15305 1
10745 1
10656 2
14652 1
13858 1
20716 3
6653 3
15150 4
7353 1
9122 1
23593 1
7144 8
3461 1
18731 1
7219 1
24135 1
16061 2
22593 1
5749 11
12716 3
4399 2
9797 1
11842 5
1804 1
9095 2
10234 2
6029 4
18978 1
9916 3
21677 3
23073 2
11850 3
2307 1
14142 1
7027 1
364 1
20215 8
3022 1
24486 3
10066 1
23118 3
22230 1
20130 1
2102 6
13863 1
24505 1
7434 4
8803 1
14875 1
12138 2
743 2
8858 2
9746 1
17065 3
16929 1
7604 2
23735 1
7284 1
8527 1
19732 1
11502 4
5686 2
8686 1
12687 3
12408 1
12122 2
3883 1
20295 1
674 1
9839 2
23441 1
4092 2
21910 1
9615 1
3877 1
12949 4
12161 2
8951 2
8776 1
24360 1
22506 1
23752 1
20664 1
4063 1
6177 2
5372 5
1106 1
1689 1
13121 3
7828 1
10905 2
7082 1
24041 1
592 1
21810 1
14361 4
10730 1
7387 1
20788 2
18012 2
9918 2
23221 1
1962 1
7649 1
6098 1
8020 1
15858 2
19477 1
14073 1
11927 1
1635 1
22594 2
23725 1
2025 1
13098 2
4192 4
14329 1
20722 2
22418 2
13804 1
4759 1
11226 4
11143 1
16192 1
14546 3
21665 5
4266 1
3144 2
8603 10
17048 3
2885 1
23472 1
3547 1
6376 1
22920 2
2004 3
809 1
15141 1
10325 1
1477 1
2507 1
13759 1
5545 1
3875 2
2046 2
12779 4
19421 1
14257 1
11848 1
5756 1
13036 1
13161 1
21008 1
5887 2
7031 2
23444 1
6323 3
23513 3
11687 1
9690 1
13420 1
20721 1
23121 1
10776 1
1259 2
4602 1
16972 1
2469 1
5378 1
9455 5
1717 1
6824 1
17329 2
9722 1
13138 1
5873 2
15408 1
20901 1
4046 10
10293 1
4289 2
7713 2
23554 1
22472 1
497 1
6277 5
13897 2
3360 2
10071 1
13249 1
10760 1
8444779 1
8174 1
10442 2
13096 1
23270 1
4083 5
13068 2
2551 3
15780 1
15967 3
15382 1
2719 1
3026 4
8258 5
19705 1
20614 2
22966 1
13694 5
13257 1
24244 1
24014 2
16301 1
19694 1
15119 3
23538 7
19584 1
24247 5
20993 1
15050 1
7898 1
346 1
16179 2
1190 2
4048 6
6331 3
11564 2
22663 1
24475 1
9742 1
21693 1
18730 1
1755 7
18778 3
3260 4
11978 1
7564 1
21348 1
7584 1
8982 2
8503 3
24525 1
22228 2
15634 1
8618 2
5903 9
17920 2
5400 2
19237 1
10918 2
10506 1
3647 1
883 1
6721 1
7089 2
18017 2
16701 1
16362 2
20703 1
18186 2
21775 1
7697 3
2253 1
16217 1
183 2
5321 2
23028 1
1726 1
6717 1
6017 1
10122 1
3034 1
9727 1
20541 1
6084 1
3365 2
18228 3
492 1
9571 1
8488 1
12046 2
8152 1
17963 1
5359 3
4079 1
4928 1
17813 1
8006 1
7849 1
23938 1
23443 1
21772 1
590 3
13543 2
13264 5
9720 6
7103 1
18625 4
12177 1
13869 1
5804 1
90 1
9614 1
11346 1
675 2
4917 2
1983 1
5141 1
10497 2
20711 4
13128 1
12726 1
21599 4
2279 1
4516 1
17792 1
3337 1
22685 1
16000 1
10499 1
22724 1
5858 3
10307 5
7296 4
19323 1
18178 3
20482 1
6527 1
19987 1
10651 3
1536 1
4378 7
9105 2
16241 1
799 1
5296 1
16273 3
23553 1
14909 1
13994 2
6660 1
360 3
19729 1
5742 1
8920403 2
22162 2
15969 1
7215 2
11932 2
7430 1
18389 3
11810 1
18018 1
8546 1
18617 1
8952 3
18016 2
15352 2
3916 1
4377 6
20637 1
1957 7
11211 1
12173 2
23803 1
21276 5
11576 1
17923 3
9721 1
23240 1
24470 1
1956 2
22512 1
19890 2
23581 1
5163 1
8196 2
4626 1
21914 2
3665 1
22278 1
20678 1
3176 3
15399 1
21631 2
5743 2
21607 1
3195 3
7061 1
21406 1
8364 1
20317 1
21115 3
13171 5
1495 2
12484 1
9739 1
9120 1
16332 2
20719 1
5901 2
19378 5
20452 1
12935 1
19150 1
11615 1
9684 1
8387 1
5685 1
14061 1
4161 2
19867 3
16110 2
8204 3
23486 2
5710 3
12900 3
11715 1
1713 1
20704 1
7881 1
16251 1
8375 1
1683 1
11369 1
4858 4
13282 2
18026 1
6788 1
24438 2
10221 2
19032 2
4863 1
11550 1
15322 1
16306 2
23229 4
16206 2
176 2
8622 1
3153 3
13485 1
9085 1
19716 1
6696 1
3866 2
5131 4
23124 1
13932 1
20039 3
15041 1
19042 1
2710 1
6336 4
7376 3
4103 3
13123 2
2731 1
13281 1
15391 3
22853 1
9385 4
21568 1
3142 2
24377 1
23600 1
6681 4
9745 2
7836 1
22923 1
19327 1
1933 1
5746 9
20520 1
9751 3
21273 1
23476 2
9041 2
14088 5
9705 3
5689 3
19653 4
14607 1
4201 1
5310 1
7432 1
20667 2
11427 1
1909 1
21698 1
12450 1
10087 1
975 1
1063 1
19812 1
17365 1
17899 1
309 1
21523 6
24473 1
22624 2
5445 1
5794 1
872 2
10077 1
15151 1
24606 3
345 1
1218 1
20840 1
8791 1
4745 1
22625 2
19356 1
5103 1
3379 5
17515 1
4606 1
547 1
22609 1
18011 2
9503 1
16965 1
23220 3
10032 2
11940 1
16902 1
16820 1
9775 2
4328 3
23893 1
3519 1
8104 4
22431 2
4810 1
7743 1
18720 2
8653 1
7885 5
654 3
20213 3
12978 1
20458 1
12070 1
21083 1
8784 5
14356 4
16228 1
20228 5
2003 1
5544 1
18876 1
11664 1
15307 1
3317 3
21520 1
2470 1
22155 3
21022 1
14048 1
687 2
16726 1
23164 1
7607 2
3361 1
10086 2
23549 5
16288 1
578 5
13025 6
16057 2
19225 1
9572 1
23218 4
4916 1
4727 1
22634 1
24479 5
5641 1
5406 3
1454 1
11389 1
16707 1
6546 1
14333 1
381 2
23259 2
1293 1
7622 3
672 1
19640 5
24490 1
12429 1
348 1
4633 1
10275 2
15297 2
4836 1
15494 2
16276 1
19889 3
14567 1
9253 1
15160 2
3152 2
5243 1
21229 1
14245 1
6974 1
23403 1
10268 2
23792 2
764 2
21667 1
22333 1
19706 1
10355 1
17898 2
12054 1
2001 2
23527 1
9453 1
18244 1
4406 2
3331 1
2274 1
689 3
3025 1
10074 3
18636 1
13080 1
16021 1
519 1
13893 2
868 1
8017 1
15898 1
15385 1
23778 2
873 1
14854 3
20467 3
15608 2
16977 1
8207 1
8632 1
9944 2
11181 1
21666 2
17918 1
14987 1
23257 1
13929 3
15998 2
9617 1
5865 2
13077 2
4160 3
6318 3
11788 2
10033 2
19916 1
20640 1
5410 4
1112 4
7848 1
5904 2
7152 3
13418 1
24251 1
22207 1
21241 1
24103 1
6838 6
23515 5
2142 1
17484 1
19682 5
11602 2
9200 1
7243 4
3335 1
22009 1
8794 1
21968 2
180 1
7118 2
9848 1
18225 1
16382 1
15154 2
3969 1
23728 1
23534 2
20972 2
23591 1
17964 1
11826 7
5351 1
19005 1
3296 2
22154 4
16035 1
3459 1
13101 3
9710 1
11321 1
10069 2
20858 1
6637 1
5867 2
7072 1
16991 1
15857 4
17346 10
6781 2
13412 1
21425 1
22606 3
6682 4
6522 2
7761 1
1673 4
2281 4
9111 2
6784 1
10042 2
13762 1
7926 1
3469 1
6286 1
6118 2
3931 1
21299 1
24579 1
6049 5
14066 1
6817 1
15318 1
19821 1
12823 1
