687 1
2363 4
2566 5
1204 1
2868 1
327 2
2469 1
2463 1
1714 1
1747 1
1909 1
1190 1
375 1
424 3
2056 1
2248 1
1670 1
8918479 1
3166 3
381 1
2524 2
192 1
3232 1
1457 1
2848 1
2484 1
1465 1
939 1
555 1
1459 1
2294 3
3317 3
474 2
2818 2
683 1
1933 1
3192 2
196 1
1721 1
1713 1
200 1
3233 1
1455 1
2358 1
2279 1
243 1
558 1
773 1
1550 2
541 1
324 2
477 1
3122 1
2474 1
1448 3
3101 2
716 1
2113 1
86 1
2717 1
241 1
1188 1
879 1
1492 1
2995 1
697 1
2153 2
1626 1
2457 1
1501 1
1635 1
3257 1
1497 1
3262 1
2081 1
3142 1
2464 1
2299 3
2498 2
3155 5
2499 1
1189 1
1257 1
2471 1
2673 1
1631 5
657 1
3325 1
1939 4
1443 1
3015 2
3029 1
2443 1
3306 3
476 1
559 1
2815 1
2906 1
787 1
1941 1
695 2
1440 1
3026 1
321 1
1755 1
885 1
3018 2
1487 1
1623 2
587 3
21199 1
2734 5
373 2
769 1
322 2
3372 2
711 1
3057 1
206 2
412 1
228 1
539 1
1729 1
897 1
3145 1
1536 1
3028 1
868 1
410 1
3039 1
355 1
188 4
323 1
1205 1
698 1
1255 1
333 1
1208 1
3144 1
2727 1
3188 2
2706 1
1177 2
1683 1
1995 1
2981 1
2148 1
814 2
2004 1
2679 1
1349 1
195 1
1822 2
2151 1
3244 1
3297 1
2243 1
403 2
595 2
1539 1
288 1
763 1
65 1
1217 1
1490 1
2292 3
2296 1
1689 1
1496 1
1911 1
2354 1
896 5
1062 1
406 1
2281 2
90 1
494 1
724 1
2007 1
1932 1
2994 1
872 1
2733 1
1956 1
334 1
3045 1
2551 3
2310 1
2885 1
1462 1
2515 5
2117 1
346 1
3146 1
696 1
1104 1
654 1
1491 2
2483 3
1461 1
2304 1
1725 2
393 1
677 1
811 1
699 1
332 2
3032 1
2716 1
2002 7
1237 3
1084 2
2451 1
581 2
742 1
3132 1
893 2
2441 1
2836 5
49 2
1693 1
2455 1
1804 1
674 1
2313 2
2459 2
3027 1
178 1
673 2
201 2
2997 1
757 1
1996 2
2487 1
706 2
22 1
3219 1
2842 3
574 1
428 1
1989 1
2302 3
3326 1
2888 3
2878 2
2990 1
1102 2
356 7
1252 2
2312 2
2293 3
186 1
2553 2
3197 1
497 1
582 5
2728 5
911 1
2634 2
2719 1
548 1
1512 1
2712 3
318 2
2850 1
473 1
3022 1
875 1
580 5
598 1
2847 3
2855 1
2846 1
3312 2
2732 1
889 1
1112 1
766 1
733 1
2105 3
1823 2
1633 1
940 4
1717 1
713 5
2422 3
3201 1
3176 3
2816 2
348 1
669 1
901 1
2707 2
878 1
242 1
237 1
3165 1
1697 1
2157 1
1930 1
1232 1
2123 1
2703 1
2436 1
1489 1
888 1
2307 1
876 1
1493 1
3051 1
2315 1
3242 1
1753 1
2456 1
416 1
3025 1
1339 1
586 3
1229 1
1445 1
2572 3
2907 1
2839 1
1236 1
3335 1
2473 1
1915 1
3337 1
2285 1
694 1
571 1
2814 1
536 1
2856 5
1926 1
2714 1
2234 1
2152 2
563 1
2351 1
741 1
1063 1
1991 3
861 2
3296 2
492 1
676 2
3200 1
1113 3
329 1
230 2
1023 3
1454 1
3134 1
1962 1
1704 1
688 5
2568 1
3191 1
1233 3
2274 1
1449 1
2996 1
180 1
343 1
2145 2
792 1
2502 1
1452 1
3261 4
2289 6
499 1
519 1
672 1
185 1
2046 2
1197 1
2311 1
1929 1
2475 1
404 1
3167 2
2136 1
1101 1
3331 1
789 2
3013 1
2300 3
877 2
2675 1
2998 1
1235 1
2303 3
418 5
2146 1
1728 2
58 1
1350 1
1685 2
376 1
2908 1
2497 2
365 1
173 4
2231 1
1069 2
80 1
2277 1
176 2
3198 3
751 1
2570 4
1722 1
350 5
1228 1
1673 4
509 4
1216 1
947 1
743 1
2910 1
383 1
760 1
1218 1
1464 1
3260 1
534 2
2121 2
2154 3
2355 4
2507 1
3255 2
1199 1
2143 2
2884 1
665 1
799 1
666 1
2465 1
3139 1
491 1
3019 2
2001 2
3235 1
1710 1
2050 1
415 1
689 3
3243 1
187 1
2691 2
783 3
2249 1
2477 1
2559 5
658 1
361 1
1472 8
1825 2
2466 2
1500 1
869 1
189 1
175 3
2055 2
3133 1
880 1
3315 5
3247 1
2388 1
2825 3
891 3
684 1
3258 3
364 1
816 1
1107 1
873 1
2452 2
490 1
3187 3
884 1
764 2
3154 1
2961 1
2982 1
500 1
2000 3
3251 1
592 1
1748 2
3230 1
2134 1
578 5
1942 3
882 1
289 1
3152 1
1727 4
338 1
2139 1
2993 2
1164 2
347 1
1253 1
3177 2
801 1
3143 1
3034 1
1719 1
2708 3
975 1
352 5
2360 1
382 1
3304 3
2305 5
883 1
389 2
1990 1
2392 1
1818 1
700 1
1106 1
1187 1
1997 1
3263 2
1469 1
1485 1
1555 1
1692 1
768 1
675 2
1328 1
1028 1
2806 1
2859 2
309 1
1552 2
2003 1
902 2
2149 1
668 3
943 1
2308 4
1110 1
3137 1
483 2
345 1
2032 1
3140 1
2844 1
182 1
2283 3
2731 1
2476 3
547 1
599 1
1117 1
1691 1
1029 1
1702 1
407 1
1724 2
3021 1
770 1
2678 1
2957 1
589 2
590 3
405 1
2433 2
914 1
3017 2
3011 1
2437 1
1456 1
3246 1
2729 1
2834 2
1551 2
485 1
3009 1
1259 2
3256 3
720 3
3305 1
1957 1
3151 1
3193 2
1463 1
2102 5
553 1
82 1
535 2
2092 1
1116 1
2155 2
2486 1
1293 1
1258 1
1726 1
3147 1
554 1
800 1
1696 1
3194 2
125 1
809 1
671 1
486 3
3259 1
795 1
3012 1
1983 1
2905 1
2663 3
2284 5
2449 1
369 1
2142 1
94 1
1629 1
2879 1
1211 1
881 1
1343 1
3077 1
174 1
802 2
2704 1
177 1
317 2
1812 1
910 1
1256 1
2462 1
307 2
1358 1
2552 5
761 1
2710 1
3010 1
1739 1
1931 1
894 1
1458 1
2120 1
2082 2
1502 1
3006 1
1194 1
394 1
2722 2
1698 1
1249 1
495 1
3199 1
2025 1
480 4
1908 1
1241 2
2470 1
1477 1
680 1
1168 1
594 1
515 1
767 1
1495 1
2150 2
2724 1
2514 3
3175 1
484 1
360 1
692 1
1671 1
181 3
1460 1
183 2
3195 2
1348 1
1240 3
