2249 [20, 22, 22, 22, 22, 22, 22, 22, 22, 22]
2249 [20, 22, 22, 22, 22, 22, 22, 22, 22, 22]
688 [5, 8, 10, 10, 10, 9, 9, 9, 9, 8]
688 [5, 8, 10, 10, 10, 9, 9, 9, 9, 8]
181 [24, 26, 26, 27, 27, 27, 27, 27, 27, 27]
181 [24, 26, 26, 27, 27, 27, 27, 27, 27, 27]
181 [24, 26, 26, 27, 27, 27, 27, 27, 27, 27]
695 [42, 22, 21, 21, 21, 20, 10, 7, 2, 2]
688 [15, 13, 13, 13, 13, 14, 15, 14, 11, 10]
688 [15, 13, 13, 13, 13, 14, 15, 14, 11, 10]
939 [54, 26, 23, 22, 22, 22, 20, 8, 7, 3]
943 [55, 23, 20, 20, 19, 7, 3, 1, 1, 1]
943 [55, 23, 20, 20, 19, 7, 3, 1, 1, 1]
943 [55, 23, 20, 20, 19, 7, 3, 1, 1, 1]
939 [54, 26, 23, 22, 22, 22, 20, 8, 7, 3]
939 [54, 26, 23, 22, 22, 22, 20, 8, 7, 3]
939 [54, 26, 23, 22, 22, 22, 20, 8, 7, 3]
943 [55, 23, 20, 20, 19, 7, 3, 1, 1, 1]
943 [55, 23, 20, 20, 19, 7, 3, 1, 1, 1]
943 [55, 23, 20, 20, 19, 7, 3, 1, 1, 1]
173 [35, 30, 28, 25, 25, 25, 25, 25, 25, 25]
173 [35, 34, 33, 31, 31, 31, 31, 32, 32, 32]
188 [61, 65, 65, 65, 65, 65, 65, 65, 65, 65]
181 [26, 31, 35, 36, 37, 37, 37, 37, 37, 37]
2249 [56, 64, 64, 64, 64, 64, 64, 64, 64, 64]
2249 [56, 64, 64, 64, 64, 64, 64, 64, 64, 64]
2249 [56, 64, 64, 64, 64, 64, 64, 64, 64, 64]
2249 [56, 64, 64, 64, 64, 64, 64, 64, 64, 64]
939 [58, 29, 26, 25, 25, 25, 23, 11, 10, 6]
939 [58, 29, 26, 25, 25, 25, 23, 11, 10, 6]
940 [55, 27, 24, 24, 24, 23, 17, 9, 4, 4]
940 [55, 27, 24, 24, 24, 23, 17, 9, 4, 4]
943 [59, 24, 21, 21, 20, 8, 4, 2, 2, 2]
2243 [63, 32, 28, 26, 26, 26, 26, 25, 22, 12]
2249 [56, 64, 64, 64, 64, 64, 64, 64, 64, 64]
2249 [56, 64, 64, 64, 64, 64, 64, 64, 64, 64]
175 [54, 60, 42, 37, 33, 32, 32, 31, 31, 31]
175 [54, 60, 42, 37, 33, 32, 32, 31, 31, 31]
2249 [56, 64, 64, 64, 64, 64, 64, 64, 64, 64]
2249 [56, 64, 64, 64, 64, 64, 64, 64, 64, 64]
350 [6, 7, 6, 9, 10, 11, 13, 16, 20, 22]
350 [6, 7, 6, 9, 10, 11, 13, 16, 20, 22]
350 [6, 7, 6, 9, 10, 11, 13, 16, 20, 22]
350 [6, 7, 6, 9, 10, 11, 13, 16, 20, 22]
350 [6, 7, 6, 9, 10, 11, 13, 16, 20, 22]
352 [8, 9, 10, 11, 9, 10, 11, 14, 16, 20]
352 [8, 9, 10, 11, 9, 10, 11, 14, 16, 20]
352 [8, 9, 10, 11, 9, 10, 11, 14, 16, 20]
352 [8, 9, 10, 11, 9, 10, 11, 14, 16, 20]
352 [8, 9, 10, 11, 9, 10, 11, 14, 16, 20]
356 [2, 3, 3, 4, 4, 4, 5, 6, 11, 11]
356 [2, 3, 3, 4, 4, 4, 5, 6, 11, 11]
2249 [57, 64, 64, 64, 64, 64, 64, 64, 64, 64]
2289 [3, 4, 4, 5, 7, 7, 8, 12, 12, 13]
2289 [3, 4, 4, 5, 7, 7, 8, 12, 12, 13]
1673 [23, 28, 31, 34, 36, 36, 36, 38, 38, 38]
1673 [23, 28, 31, 34, 36, 36, 36, 38, 38, 38]
578 [11, 14, 14, 15, 15, 16, 19, 19, 15, 16]
578 [11, 14, 14, 15, 15, 16, 19, 19, 15, 16]
578 [11, 14, 14, 15, 15, 16, 19, 19, 15, 16]
578 [11, 14, 14, 15, 15, 16, 19, 19, 15, 16]
578 [11, 14, 14, 15, 15, 16, 19, 19, 15, 16]
499 [53, 26, 23, 23, 23, 22, 10, 8, 3, 3]
499 [53, 26, 23, 23, 23, 22, 10, 8, 3, 3]
188 [68, 69, 69, 69, 69, 69, 69, 69, 69, 69]
2722 [69, 25, 24, 22, 22, 22, 19, 8, 5, 3]
939 [66, 36, 29, 28, 27, 27, 27, 26, 24, 21]
939 [66, 36, 29, 28, 27, 27, 27, 26, 24, 21]
939 [66, 36, 29, 28, 27, 27, 27, 26, 24, 21]
188 [68, 69, 69, 69, 69, 69, 69, 69, 69, 69]
943 [65, 29, 23, 22, 21, 20, 18, 8, 6, 3]
943 [65, 29, 23, 22, 21, 20, 18, 8, 6, 3]
943 [65, 29, 23, 22, 21, 20, 18, 8, 6, 3]
943 [65, 29, 23, 22, 21, 20, 18, 8, 6, 3]
943 [65, 29, 27, 22, 22, 21, 19, 18, 7, 6]
1957 [74, 53, 45, 40, 38, 36, 36, 33, 32, 30]
943 [72, 38, 28, 23, 22, 21, 21, 19, 12, 7]
2249 [70, 75, 75, 75, 75, 75, 75, 75, 75, 74]
2249 [70, 75, 75, 75, 75, 75, 75, 75, 75, 74]
2673 [67, 45, 42, 36, 35, 32, 30, 29, 29, 28]
2673 [67, 45, 42, 36, 35, 32, 30, 29, 29, 28]
2673 [67, 45, 42, 36, 35, 32, 30, 29, 29, 28]
2673 [67, 45, 42, 36, 35, 32, 30, 29, 29, 28]
939 [73, 42, 36, 33, 28, 27, 27, 26, 26, 25]
3018 [49, 62, 60, 61, 60, 60, 60, 60, 61, 61]
2289 [2, 3, 3, 4, 4, 5, 6, 6, 6, 6]
2722 [75, 39, 31, 24, 23, 23, 22, 22, 20, 11]
2734 [25, 25, 26, 30, 29, 29, 31, 31, 31, 31]
2734 [25, 25, 26, 30, 29, 29, 31, 31, 31, 31]
940 [56, 36, 29, 28, 25, 24, 23, 23, 22, 21]
940 [56, 36, 29, 28, 25, 24, 23, 23, 22, 21]
940 [56, 36, 29, 28, 25, 24, 23, 23, 22, 21]
940 [56, 36, 29, 28, 25, 24, 23, 23, 22, 21]
940 [56, 36, 29, 28, 25, 24, 23, 23, 22, 21]
939 [73, 42, 36, 33, 28, 27, 27, 26, 26, 25]
939 [73, 42, 36, 33, 28, 27, 27, 26, 26, 25]
940 [56, 36, 29, 28, 25, 24, 23, 23, 22, 21]
940 [56, 36, 29, 28, 25, 24, 23, 23, 22, 21]
943 [72, 38, 28, 23, 22, 21, 21, 19, 12, 7]
943 [72, 38, 28, 23, 22, 21, 21, 19, 12, 7]
1551 [46, 50, 49, 49, 49, 48, 47, 46, 45, 45]
499 [71, 40, 34, 32, 27, 26, 25, 24, 24, 22]
499 [71, 40, 34, 32, 27, 26, 25, 24, 24, 22]
499 [71, 40, 34, 32, 27, 26, 25, 24, 24, 22]
939 [73, 42, 36, 33, 31, 31, 31, 27, 26, 25]
939 [73, 42, 36, 33, 31, 31, 31, 27, 26, 25]
939 [73, 42, 36, 33, 31, 31, 31, 27, 26, 25]
940 [56, 36, 29, 28, 28, 28, 24, 23, 22, 21]
940 [56, 36, 29, 28, 28, 28, 24, 23, 22, 21]
940 [56, 36, 29, 28, 28, 28, 24, 23, 22, 21]
940 [56, 36, 29, 28, 28, 28, 24, 23, 22, 21]
943 [72, 38, 28, 26, 26, 22, 21, 19, 18, 18]
943 [72, 38, 28, 26, 26, 22, 21, 19, 18, 18]
943 [72, 38, 28, 26, 26, 22, 21, 19, 18, 18]
943 [72, 38, 28, 26, 26, 22, 21, 19, 18, 18]
2243 [69, 44, 39, 35, 34, 33, 32, 32, 29, 28]
943 [72, 38, 28, 26, 26, 22, 21, 19, 18, 18]
939 [73, 42, 36, 33, 31, 31, 31, 27, 26, 25]
940 [56, 36, 29, 28, 28, 28, 24, 23, 22, 21]
939 [73, 42, 36, 33, 31, 31, 31, 27, 26, 25]
940 [56, 36, 29, 28, 28, 28, 24, 23, 22, 21]
943 [72, 38, 28, 26, 26, 22, 21, 19, 18, 18]
1069 [65, 27, 25, 20, 16, 9, 3, 2, 0, 0]
1069 [65, 27, 25, 20, 16, 9, 3, 2, 0, 0]
1069 [65, 27, 25, 20, 16, 9, 3, 2, 0, 0]
943 [72, 38, 28, 26, 26, 22, 21, 19, 18, 18]
173 [30, 30, 35, 37, 36, 37, 38, 38, 39, 39]
939 [73, 42, 36, 33, 31, 31, 31, 27, 26, 25]
940 [56, 36, 29, 28, 28, 28, 24, 23, 22, 21]
943 [72, 38, 28, 26, 26, 22, 21, 19, 18, 18]
2679 [68, 74, 74, 74, 71, 67, 64, 62, 60, 60]
1069 [65, 27, 25, 20, 16, 9, 3, 2, 0, 0]
1069 [65, 27, 25, 20, 16, 9, 3, 2, 0, 0]
1069 [65, 27, 25, 20, 16, 9, 3, 2, 0, 0]
2305 [24, 20, 20, 19, 18, 18, 17, 17, 17, 10]
2722 [75, 39, 31, 27, 27, 27, 23, 22, 20, 19]
2289 [2, 2, 2, 3, 3, 4, 5, 6, 6, 6]
939 [73, 42, 36, 33, 31, 31, 31, 27, 26, 25]
943 [72, 38, 28, 26, 26, 22, 21, 19, 18, 18]
943 [72, 38, 28, 26, 26, 22, 21, 19, 18, 18]
939 [73, 42, 36, 33, 31, 31, 31, 27, 26, 25]
2289 [2, 2, 2, 3, 3, 4, 5, 6, 6, 6]
2289 [2, 2, 2, 3, 3, 4, 5, 6, 6, 6]
2289 [2, 2, 2, 3, 3, 4, 5, 6, 6, 6]
2249 [70, 75, 75, 75, 75, 75, 75, 75, 75, 74]
695 [48, 35, 30, 29, 29, 29, 27, 26, 25, 23]
2722 [75, 39, 31, 27, 27, 27, 23, 22, 20, 19]
2154 [63, 73, 73, 73, 73, 72, 72, 72, 70, 70]
940 [56, 36, 29, 28, 28, 28, 24, 23, 22, 21]
940 [56, 36, 29, 28, 28, 28, 24, 23, 22, 21]
940 [56, 36, 29, 28, 28, 28, 24, 23, 22, 21]
940 [56, 36, 29, 28, 28, 28, 24, 23, 22, 21]
940 [56, 36, 29, 28, 28, 28, 24, 23, 22, 21]
2305 [24, 20, 20, 19, 18, 18, 17, 17, 17, 10]
2305 [24, 20, 20, 19, 18, 18, 17, 17, 17, 10]
2305 [24, 20, 20, 19, 18, 18, 17, 17, 17, 10]
939 [73, 42, 36, 33, 31, 31, 31, 27, 26, 25]
939 [73, 42, 36, 33, 31, 31, 31, 27, 26, 25]
939 [73, 42, 36, 33, 31, 31, 31, 27, 26, 25]
939 [73, 42, 36, 33, 31, 31, 31, 27, 26, 25]
939 [73, 42, 36, 33, 31, 31, 31, 27, 26, 25]
943 [72, 38, 28, 26, 26, 22, 21, 19, 18, 18]
943 [72, 38, 28, 26, 26, 22, 21, 19, 18, 18]
943 [72, 38, 28, 26, 26, 22, 21, 19, 18, 18]
943 [72, 38, 28, 26, 26, 22, 21, 19, 18, 18]
2305 [24, 20, 20, 19, 18, 18, 17, 17, 17, 10]
2249 [66, 74, 74, 75, 75, 74, 74, 73, 71, 70]
2249 [66, 74, 74, 75, 75, 74, 74, 73, 71, 70]
2249 [66, 74, 74, 75, 75, 74, 74, 73, 71, 70]
2249 [66, 74, 74, 75, 75, 74, 74, 73, 71, 70]
939 [71, 43, 36, 33, 31, 31, 31, 28, 26, 26]
939 [71, 43, 36, 33, 31, 31, 31, 28, 26, 26]
940 [56, 37, 29, 28, 28, 28, 25, 24, 23, 23]
940 [56, 37, 29, 28, 28, 28, 25, 24, 23, 23]
940 [56, 37, 29, 28, 28, 28, 25, 24, 23, 23]
940 [56, 37, 29, 28, 28, 28, 25, 24, 23, 23]
943 [72, 39, 28, 26, 26, 23, 21, 21, 19, 19]
943 [72, 39, 28, 26, 26, 23, 21, 21, 19, 19]
2243 [70, 46, 40, 35, 34, 33, 32, 32, 29, 29]
2243 [70, 46, 40, 35, 34, 33, 32, 32, 29, 29]
2243 [70, 46, 40, 35, 34, 33, 32, 32, 29, 29]
2673 [67, 45, 41, 36, 35, 35, 33, 33, 33, 30]
2679 [69, 75, 75, 74, 71, 67, 64, 61, 60, 60]
2679 [69, 75, 75, 74, 71, 67, 64, 61, 60, 60]
1069 [65, 27, 25, 20, 17, 16, 5, 3, 2, 0]
499 [73, 42, 34, 32, 30, 30, 26, 25, 24, 24]
1957 [74, 53, 46, 42, 38, 36, 36, 36, 35, 34]
939 [71, 43, 36, 33, 31, 31, 31, 28, 26, 26]
940 [56, 37, 29, 28, 28, 28, 25, 24, 23, 23]
940 [56, 37, 29, 28, 28, 28, 25, 24, 23, 23]
943 [72, 39, 28, 26, 26, 23, 21, 21, 19, 19]
2305 [24, 21, 21, 19, 20, 19, 18, 18, 17, 17]
181 [34, 33, 39, 43, 45, 45, 45, 44, 44, 44]
188 [61, 70, 72, 72, 74, 75, 75, 75, 75, 75]
188 [61, 70, 72, 72, 74, 75, 75, 75, 75, 75]
188 [61, 70, 72, 72, 74, 75, 75, 75, 75, 75]
1939 [59, 50, 47, 47, 44, 41, 40, 39, 38, 38]
1939 [59, 50, 47, 47, 44, 41, 40, 39, 38, 38]
2722 [75, 40, 34, 28, 28, 27, 24, 22, 22, 22]
2289 [2, 2, 2, 2, 2, 3, 3, 3, 4, 5]
175 [38, 43, 46, 41, 41, 42, 42, 43, 42, 39]
1957 [74, 55, 48, 42, 40, 39, 37, 36, 35, 35]
1102 [64, 54, 50, 46, 43, 41, 40, 39, 37, 37]
1102 [64, 54, 50, 46, 43, 41, 40, 39, 37, 37]
1102 [64, 54, 50, 46, 43, 41, 40, 39, 37, 37]
2722 [75, 42, 34, 28, 28, 27, 25, 23, 22, 22]
2305 [24, 22, 22, 20, 20, 20, 20, 20, 19, 18]
2305 [24, 22, 22, 20, 20, 20, 20, 20, 19, 18]
939 [71, 45, 37, 36, 32, 32, 31, 29, 27, 27]
2243 [70, 48, 42, 37, 37, 33, 33, 33, 30, 30]
2679 [69, 75, 75, 74, 71, 67, 64, 61, 60, 60]
499 [73, 44, 35, 35, 31, 30, 27, 25, 25, 24]
499 [73, 44, 35, 35, 31, 30, 27, 25, 25, 24]
499 [73, 44, 35, 35, 31, 30, 27, 25, 25, 24]
2673 [67, 47, 43, 38, 38, 35, 34, 34, 34, 31]
2679 [69, 75, 75, 74, 71, 67, 64, 61, 60, 60]
188 [61, 70, 72, 72, 74, 75, 75, 75, 75, 75]
188 [61, 70, 72, 72, 74, 75, 75, 75, 75, 75]
1069 [65, 30, 25, 21, 19, 17, 14, 4, 2, 1]
1069 [65, 30, 25, 21, 19, 17, 14, 4, 2, 1]
1069 [65, 30, 25, 21, 19, 17, 14, 4, 2, 1]
1939 [59, 52, 49, 49, 44, 43, 43, 42, 39, 38]
943 [72, 41, 31, 27, 27, 25, 22, 21, 21, 21]
943 [72, 41, 31, 27, 27, 25, 22, 21, 21, 21]
943 [72, 41, 31, 27, 27, 25, 22, 21, 21, 21]
943 [72, 41, 31, 27, 27, 25, 22, 21, 21, 21]
940 [54, 38, 32, 29, 29, 29, 27, 24, 24, 23]
940 [54, 38, 32, 29, 29, 29, 27, 24, 24, 23]
940 [52, 38, 32, 29, 29, 29, 27, 24, 24, 23]
939 [71, 45, 36, 36, 32, 32, 32, 30, 27, 27]
939 [71, 45, 36, 36, 32, 32, 32, 30, 27, 27]
939 [71, 45, 36, 36, 32, 32, 32, 30, 27, 27]
188 [57, 67, 70, 71, 71, 73, 74, 74, 75, 75]
943 [72, 41, 31, 27, 27, 24, 22, 21, 21, 21]
943 [72, 41, 31, 27, 27, 24, 22, 21, 21, 21]
943 [72, 41, 31, 27, 27, 24, 22, 21, 21, 21]
943 [72, 41, 31, 27, 27, 24, 22, 21, 21, 21]
939 [71, 45, 36, 36, 32, 32, 32, 30, 27, 27]
943 [72, 41, 31, 27, 27, 24, 22, 21, 21, 21]
943 [72, 41, 31, 27, 27, 24, 22, 21, 21, 21]
1957 [74, 55, 48, 42, 40, 39, 37, 36, 35, 35]
2289 [2, 2, 2, 2, 2, 3, 3, 3, 4, 4]
2722 [75, 43, 34, 28, 28, 28, 25, 23, 22, 22]
2249 [63, 73, 73, 72, 73, 71, 70, 68, 67, 66]
1069 [66, 30, 26, 21, 19, 19, 17, 8, 3, 2]
940 [49, 38, 32, 29, 29, 29, 27, 24, 24, 23]
940 [49, 38, 32, 29, 29, 29, 29, 28, 26, 25]
2734 [25, 25, 25, 26, 26, 27, 28, 31, 32, 32]
713 [8, 10, 10, 10, 10, 10, 10, 12, 12, 13]
1939 [61, 53, 50, 49, 44, 43, 43, 42, 39, 38]
943 [73, 41, 31, 27, 27, 26, 26, 25, 25, 23]
188 [58, 67, 71, 73, 73, 75, 76, 76, 78, 78]
939 [72, 45, 36, 36, 32, 32, 32, 32, 31, 31]
175 [38, 42, 46, 41, 42, 42, 42, 43, 41, 39]
1028 [80, 80, 80, 80, 80, 80, 80, 80, 80, 80]
2722 [77, 43, 34, 28, 28, 28, 27, 27, 26, 26]
2722 [77, 43, 34, 28, 28, 28, 27, 27, 26, 26]
2722 [77, 43, 34, 28, 28, 28, 27, 27, 26, 26]
1069 [66, 30, 26, 25, 24, 20, 18, 16, 16, 9]
2722 [77, 43, 34, 28, 28, 28, 27, 27, 26, 26]
2722 [77, 43, 34, 28, 28, 28, 27, 27, 26, 26]
2722 [77, 43, 34, 28, 28, 28, 27, 27, 26, 26]
2289 [2, 2, 2, 2, 2, 2, 2, 2, 2, 3]
2289 [2, 2, 2, 2, 2, 2, 2, 2, 2, 3]
2249 [64, 74, 75, 74, 75, 73, 72, 70, 69, 68]
2249 [64, 74, 75, 74, 75, 73, 72, 70, 69, 68]
2249 [64, 74, 75, 74, 75, 73, 72, 70, 69, 68]
2249 [64, 74, 75, 74, 75, 73, 72, 70, 69, 68]
939 [72, 45, 36, 36, 32, 32, 32, 32, 31, 31]
940 [49, 38, 32, 29, 29, 29, 29, 28, 28, 27]
1673 [26, 26, 27, 30, 34, 36, 36, 38, 38, 41]
1673 [26, 26, 27, 30, 34, 36, 36, 38, 38, 41]
1673 [26, 26, 27, 30, 34, 36, 36, 38, 38, 41]
1673 [26, 26, 27, 30, 34, 36, 36, 38, 38, 41]
1673 [26, 26, 27, 30, 34, 36, 36, 38, 38, 41]
2249 [64, 74, 75, 74, 75, 73, 72, 70, 69, 68]
1102 [53, 47, 48, 42, 41, 40, 40, 37, 37, 37]
1102 [53, 47, 48, 42, 41, 40, 40, 37, 37, 37]
1102 [53, 47, 48, 42, 41, 40, 40, 37, 37, 37]
188 [58, 67, 71, 73, 73, 75, 76, 76, 78, 78]
1102 [53, 47, 48, 42, 41, 40, 40, 37, 37, 37]
943 [73, 41, 31, 27, 27, 26, 26, 25, 25, 23]
939 [72, 45, 36, 36, 32, 32, 32, 32, 31, 31]
940 [49, 38, 32, 29, 29, 29, 29, 28, 28, 27]
1028 [80, 80, 80, 80, 80, 80, 80, 80, 80, 80]
1939 [61, 53, 50, 49, 44, 43, 43, 42, 39, 38]
1939 [61, 53, 50, 49, 44, 43, 43, 42, 39, 38]
940 [49, 38, 32, 29, 29, 29, 29, 28, 28, 27]
2102 [22, 18, 16, 15, 15, 15, 15, 13, 4, 3]
2102 [22, 18, 16, 15, 15, 15, 15, 13, 4, 3]
2360 [79, 76, 73, 61, 59, 56, 55, 55, 55, 54]
382 [69, 73, 65, 58, 54, 54, 54, 53, 53, 50]
173 [33, 31, 37, 39, 39, 41, 41, 41, 42, 40]
181 [36, 35, 40, 44, 45, 45, 46, 46, 46, 46]
688 [14, 14, 14, 14, 14, 14, 14, 14, 14, 15]
695 [48, 39, 33, 31, 30, 30, 31, 30, 30, 29]
2249 [64, 74, 75, 74, 75, 73, 72, 70, 69, 68]
2249 [64, 74, 75, 74, 75, 73, 72, 70, 69, 68]
2249 [64, 74, 75, 74, 75, 73, 72, 70, 69, 68]
2249 [64, 74, 75, 74, 75, 73, 72, 70, 69, 68]
2570 [29, 29, 30, 32, 33, 34, 35, 35, 36, 36]
939 [72, 45, 36, 36, 32, 32, 32, 32, 31, 31]
188 [58, 67, 71, 73, 73, 75, 76, 76, 78, 78]
188 [58, 67, 71, 73, 73, 75, 76, 76, 78, 78]
188 [58, 67, 71, 73, 73, 75, 76, 76, 78, 78]
943 [73, 41, 31, 27, 27, 26, 26, 25, 25, 25]
943 [73, 41, 31, 27, 27, 26, 26, 25, 25, 25]
943 [73, 41, 31, 27, 27, 26, 26, 25, 25, 25]
943 [73, 41, 31, 27, 27, 26, 26, 25, 25, 25]
943 [73, 41, 31, 27, 27, 26, 26, 25, 25, 25]
2673 [69, 49, 43, 38, 38, 35, 34, 34, 34, 34]
2673 [69, 49, 43, 38, 38, 35, 34, 34, 34, 34]
2679 [71, 82, 82, 82, 79, 74, 71, 68, 66, 66]
695 [48, 39, 33, 31, 30, 30, 31, 30, 30, 29]
695 [48, 39, 33, 31, 30, 30, 31, 30, 30, 29]
802 [55, 62, 62, 63, 65, 65, 65, 63, 63, 63]
802 [55, 62, 62, 63, 65, 65, 65, 63, 63, 63]
802 [55, 62, 62, 63, 65, 65, 65, 63, 63, 63]
1190 [78, 81, 78, 70, 64, 61, 60, 59, 59, 58]
1190 [78, 81, 78, 70, 64, 61, 60, 59, 59, 58]
695 [48, 39, 33, 31, 30, 30, 31, 30, 30, 29]
1028 [82, 87, 87, 87, 87, 87, 87, 87, 87, 87]
1028 [82, 87, 87, 87, 87, 87, 87, 87, 87, 87]
2673 [69, 49, 43, 38, 38, 35, 34, 34, 34, 34]
2102 [22, 18, 16, 15, 15, 15, 15, 13, 4, 3]
939 [72, 45, 36, 36, 32, 32, 32, 32, 31, 31]
939 [72, 45, 36, 36, 32, 32, 32, 32, 31, 31]
939 [72, 45, 36, 36, 32, 32, 32, 32, 31, 31]
939 [72, 45, 36, 36, 32, 32, 32, 32, 31, 31]
943 [73, 41, 31, 27, 27, 26, 26, 25, 25, 25]
943 [73, 41, 31, 27, 27, 26, 26, 25, 25, 25]
173 [33, 31, 37, 39, 39, 41, 42, 42, 43, 41]
2722 [81, 43, 34, 28, 28, 28, 27, 27, 26, 26]
499 [76, 44, 35, 35, 31, 31, 30, 29, 29, 28]
499 [76, 44, 35, 35, 31, 31, 30, 29, 29, 28]
1102 [53, 47, 48, 42, 41, 40, 41, 38, 38, 38]
1102 [53, 47, 48, 42, 41, 40, 41, 38, 38, 38]
1102 [53, 47, 48, 42, 41, 40, 41, 38, 38, 38]
939 [72, 45, 36, 36, 32, 32, 32, 32, 31, 31]
943 [73, 41, 31, 27, 27, 26, 26, 25, 25, 25]
2249 [65, 78, 79, 79, 78, 77, 76, 76, 74, 73]
2249 [65, 78, 79, 79, 78, 77, 76, 76, 74, 73]
2249 [65, 78, 79, 79, 78, 77, 76, 76, 74, 73]
2249 [65, 78, 79, 79, 78, 77, 76, 76, 74, 73]
483 [80, 68, 55, 52, 51, 46, 46, 45, 45, 44]
483 [80, 68, 55, 52, 51, 46, 46, 45, 45, 44]
483 [80, 68, 55, 52, 51, 46, 46, 45, 45, 44]
2722 [81, 44, 34, 28, 28, 28, 27, 27, 26, 26]
1102 [37, 31, 35, 37, 37, 36, 35, 35, 35, 35]
1939 [61, 53, 50, 50, 45, 44, 44, 43, 40, 39]
1939 [61, 53, 50, 50, 45, 44, 44, 43, 40, 39]
1102 [37, 31, 35, 37, 37, 36, 35, 35, 35, 35]
1102 [37, 31, 35, 37, 37, 36, 35, 35, 35, 35]
1102 [37, 31, 35, 37, 37, 36, 35, 35, 35, 35]
1102 [37, 31, 35, 37, 37, 36, 35, 35, 35, 35]
1102 [37, 31, 35, 37, 37, 36, 35, 35, 35, 35]
1102 [37, 31, 35, 37, 37, 36, 35, 35, 35, 35]
